0 0 0.640452
0.1000000015 0 0.70447
0.200000003 0 0.758564
0.3000000119 0 0.774055
0.400000006 0 0.775878
0.5 0 0.738628
0.6000000238 0 0.674675
0.6999999881 0 0.592626
0.8000000119 0 0.525336
0.9000000358 0 0.423972
1 0 0.33269
1.1000000238 0 0.260963
1.2000000477 0 0.209928
1.3000000715 0 0.161524
1.3999999762 0 0.124915
1.5 0 0.0983491
1.6000000238 0 0.07664
1.7000000477 0 0.0327721
1.8000000715 0 -0.0137293
1.8999999762 0 -0.0367116
2 0 -0.0289454
2.1000001431 0 -0.0265784
2.2000000477 0 -0.0361278
2.2999999523 0 -0.0690364
2.4000000954 0 -0.083552
2.5 0 -0.0740218
2.6000001431 0 -0.0628437
2.7000000477 0 -0.0524738
2.7999999523 0 -0.0119224
2.9000000954 0 0.0148781
3 0 0.0706381
3.1000001431 0 0.154876
3.2000000477 0 0.249391
3.2999999523 0 0.341006
3.4000000954 0 0.375464
3.5 0 0.385711
3.6000001431 0 0.370738
3.7000000477 0 0.327295
3.7999999523 0 0.255632
3.9000000954 0 0.159789
0 0.1000000015 0.655034
0.1000000015 0.1000000015 0.715475
0.200000003 0.1000000015 0.777951
0.3000000119 0.1000000015 0.803598
0.400000006 0.1000000015 0.805551
0.5 0.1000000015 0.774444
0.6000000238 0.1000000015 0.724917
0.6999999881 0.1000000015 0.659068
0.8000000119 0.1000000015 0.581291
0.9000000358 0.1000000015 0.485621
1 0.1000000015 0.376526
1.1000000238 0.1000000015 0.313657
1.2000000477 0.1000000015 0.267562
1.3000000715 0.1000000015 0.211964
1.3999999762 0.1000000015 0.178774
1.5 0.1000000015 0.166416
1.6000000238 0.1000000015 0.127058
1.7000000477 0.1000000015 0.0819642
1.8000000715 0.1000000015 0.0341819
1.8999999762 0.1000000015 -0.00997296
2 0.1000000015 -0.027153
2.1000001431 0.1000000015 -0.0181768
2.2000000477 0.1000000015 -0.0133392
2.2999999523 0.1000000015 -0.0353189
2.4000000954 0.1000000015 -0.0307189
2.5 0.1000000015 -0.021523
2.6000001431 0.1000000015 -0.00370879
2.7000000477 0.1000000015 0.0116338
2.7999999523 0.1000000015 0.053468
2.9000000954 0.1000000015 0.10466
3 0.1000000015 0.148859
3.1000001431 0.1000000015 0.230413
3.2000000477 0.1000000015 0.313237
3.2999999523 0.1000000015 0.396545
3.4000000954 0.1000000015 0.426167
3.5 0.1000000015 0.438377
3.6000001431 0.1000000015 0.405972
3.7000000477 0.1000000015 0.346405
3.7999999523 0.1000000015 0.284952
3.9000000954 0.1000000015 0.186766
0 0.200000003 0.6549
0.1000000015 0.200000003 0.724067
0.200000003 0.200000003 0.782928
0.3000000119 0.200000003 0.827128
0.400000006 0.200000003 0.831438
0.5 0.200000003 0.811139
0.6000000238 0.200000003 0.768918
0.6999999881 0.200000003 0.723004
0.8000000119 0.200000003 0.641259
0.9000000358 0.200000003 0.552707
1 0.200000003 0.448619
1.1000000238 0.200000003 0.39381
1.2000000477 0.200000003 0.347628
1.3000000715 0.200000003 0.293588
1.3999999762 0.200000003 0.276662
1.5 0.200000003 0.233684
1.6000000238 0.200000003 0.194733
1.7000000477 0.200000003 0.129763
1.8000000715 0.200000003 0.0590631
1.8999999762 0.200000003 0.0133587
2 0.200000003 -0.017285
2.1000001431 0.200000003 -0.0043713
2.2000000477 0.200000003 -0.00279836
2.2999999523 0.200000003 0.0099335
2.4000000954 0.200000003 0.0167331
2.5 0.200000003 0.0397916
2.6000001431 0.200000003 0.0619801
2.7000000477 0.200000003 0.0950929
2.7999999523 0.200000003 0.119994
2.9000000954 0.200000003 0.171542
3 0.200000003 0.245791
3.1000001431 0.200000003 0.312588
3.2000000477 0.200000003 0.396627
3.2999999523 0.200000003 0.458236
3.4000000954 0.200000003 0.485751
3.5 0.200000003 0.482364
3.6000001431 0.200000003 0.441758
3.7000000477 0.200000003 0.389833
3.7999999523 0.200000003 0.306261
3.9000000954 0.200000003 0.190066
0 0.3000000119 0.641376
0.1000000015 0.3000000119 0.712985
0.200000003 0.3000000119 0.783599
0.3000000119 0.3000000119 0.831632
0.400000006 0.3000000119 0.86288
0.5 0.3000000119 0.841745
0.6000000238 0.3000000119 0.807608
0.6999999881 0.3000000119 0.757982
0.8000000119 0.3000000119 0.691975
0.9000000358 0.3000000119 0.611872
1 0.3000000119 0.537567
1.1000000238 0.3000000119 0.480284
1.2000000477 0.3000000119 0.436786
1.3000000715 0.3000000119 0.394237
1.3999999762 0.3000000119 0.366203
1.5 0.3000000119 0.335591
1.6000000238 0.3000000119 0.259776
1.7000000477 0.3000000119 0.180774
1.8000000715 0.3000000119 0.10854
1.8999999762 0.3000000119 0.0375122
2 0.3000000119 0.0128579
2.1000001431 0.3000000119 -0.0117503
2.2000000477 0.3000000119 0.00919324
2.2999999523 0.3000000119 0.0232661
2.4000000954 0.3000000119 0.0578084
2.5 0.3000000119 0.0996746
2.6000001431 0.3000000119 0.129009
2.7000000477 0.3000000119 0.163942
2.7999999523 0.3000000119 0.190167
2.9000000954 0.3000000119 0.245977
3 0.3000000119 0.305852
3.1000001431 0.3000000119 0.37259
3.2000000477 0.3000000119 0.447522
3.2999999523 0.3000000119 0.500593
3.4000000954 0.3000000119 0.527804
3.5 0.3000000119 0.511035
3.6000001431 0.3000000119 0.463633
3.7000000477 0.3000000119 0.39104
3.7999999523 0.3000000119 0.310814
3.9000000954 0.3000000119 0.204501
0 0.400000006 0.613996
0.1000000015 0.400000006 0.705498
0.200000003 0.400000006 0.774044
0.3000000119 0.400000006 0.830482
0.400000006 0.400000006 0.870808
0.5 0.400000006 0.862544
0.6000000238 0.400000006 0.841567
0.6999999881 0.400000006 0.801566
0.8000000119 0.400000006 0.75607
0.9000000358 0.400000006 0.694304
1 0.400000006 0.633307
1.1000000238 0.400000006 0.573545
1.2000000477 0.400000006 0.548653
1.3000000715 0.400000006 0.505546
1.3999999762 0.400000006 0.470055
1.5 0.400000006 0.405297
1.6000000238 0.400000006 0.326369
1.7000000477 0.400000006 0.225284
1.8000000715 0.400000006 0.143531
1.8999999762 0.400000006 0.0640641
2 0.400000006 0.0166244
2.1000001431 0.400000006 -0.00240909
2.2000000477 0.400000006 -0.00097296
2.2999999523 0.400000006 0.0411858
2.4000000954 0.400000006 0.0804183
2.5 0.400000006 0.139366
2.6000001431 0.400000006 0.177539
2.7000000477 0.400000006 0.232684
2.7999999523 0.400000006 0.265272
2.9000000954 0.400000006 0.312623
3 0.400000006 0.359294
3.1000001431 0.400000006 0.427187
3.2000000477 0.400000006 0.502043
3.2999999523 0.400000006 0.535469
3.4000000954 0.400000006 0.56475
3.5 0.400000006 0.545705
3.6000001431 0.400000006 0.490487
3.7000000477 0.400000006 0.399746
3.7999999523 0.400000006 0.317764
3.9000000954 0.400000006 0.211125
0 0.5 0.577425
0.1000000015 0.5 0.687273
0.200000003 0.5 0.774955
0.3000000119 0.5 0.830824
0.400000006 0.5 0.869748
0.5 0.5 0.881096
0.6000000238 0.5 0.858675
0.6999999881 0.5 0.838987
0.8000000119 0.5 0.837223
0.9000000358 0.5 0.776739
1 0.5 0.714238
1.1000000238 0.5 0.671728
1.2000000477 0.5 0.633126
1.3000000715 0.5 0.596673
1.3999999762 0.5 0.540264
1.5 0.5 0.484659
1.6000000238 0.5 0.392889
1.7000000477 0.5 0.282752
1.8000000715 0.5 0.176546
1.8999999762 0.5 0.0821726
2 0.5 0.0201597
2.1000001431 0.5 -0.00413251
2.2000000477 0.5 0.00681382
2.2999999523 0.5 0.0179482
2.4000000954 0.5 0.0689722
2.5 0.5 0.134372
2.6000001431 0.5 0.212306
2.7000000477 0.5 0.272496
2.7999999523 0.5 0.301431
2.9000000954 0.5 0.345358
3 0.5 0.393326
3.1000001431 0.5 0.462049
3.2000000477 0.5 0.520729
3.2999999523 0.5 0.5522
3.4000000954 0.5 0.570787
3.5 0.5 0.560485
3.6000001431 0.5 0.494527
3.7000000477 0.5 0.421035
3.7999999523 0.5 0.31875
3.9000000954 0.5 0.22616
0 0.6000000238 0.54932
0.1000000015 0.6000000238 0.654332
0.200000003 0.6000000238 0.734041
0.3000000119 0.6000000238 0.813208
0.400000006 0.6000000238 0.856439
0.5 0.6000000238 0.869825
0.6000000238 0.6000000238 0.883089
0.6999999881 0.6000000238 0.869362
0.8000000119 0.6000000238 0.872602
0.9000000358 0.6000000238 0.854687
1 0.6000000238 0.802369
1.1000000238 0.6000000238 0.770129
1.2000000477 0.6000000238 0.733171
1.3000000715 0.6000000238 0.692964
1.3999999762 0.6000000238 0.635359
1.5 0.6000000238 0.575677
1.6000000238 0.6000000238 0.459838
1.7000000477 0.6000000238 0.342612
1.8000000715 0.6000000238 0.221336
1.8999999762 0.6000000238 0.123992
2 0.6000000238 0.0327831
2.1000001431 0.6000000238 -0.0257881
2.2000000477 0.6000000238 -0.0251988
2.2999999523 0.6000000238 -0.00204129
2.4000000954 0.6000000238 0.0544732
2.5 0.6000000238 0.121649
2.6000001431 0.6000000238 0.198273
2.7000000477 0.6000000238 0.265166
2.7999999523 0.6000000238 0.313063
2.9000000954 0.6000000238 0.350672
3 0.6000000238 0.406851
3.1000001431 0.6000000238 0.475999
3.2000000477 0.6000000238 0.530168
3.2999999523 0.6000000238 0.561566
3.4000000954 0.6000000238 0.568547
3.5 0.6000000238 0.545856
3.6000001431 0.6000000238 0.492636
3.7000000477 0.6000000238 0.424627
3.7999999523 0.6000000238 0.331253
3.9000000954 0.6000000238 0.230082
0 0.6999999881 0.501749
0.1000000015 0.6999999881 0.607372
0.200000003 0.6999999881 0.690707
0.3000000119 0.6999999881 0.768606
0.400000006 0.6999999881 0.824425
0.5 0.6999999881 0.868301
0.6000000238 0.6999999881 0.899884
0.6999999881 0.6999999881 0.898366
0.8000000119 0.6999999881 0.902158
0.9000000358 0.6999999881 0.903801
1 0.6999999881 0.879773
1.1000000238 0.6999999881 0.852248
1.2000000477 0.6999999881 0.807845
1.3000000715 0.6999999881 0.769401
1.3999999762 0.6999999881 0.737395
1.5 0.6999999881 0.669392
1.6000000238 0.6999999881 0.541974
1.7000000477 0.6999999881 0.406157
1.8000000715 0.6999999881 0.255092
1.8999999762 0.6999999881 0.138206
2 0.6999999881 0.0414734
2.1000001431 0.6999999881 -0.0290025
2.2000000477 0.6999999881 -0.0277092
2.2999999523 0.6999999881 -0.0267307
2.4000000954 0.6999999881 0.0296778
2.5 0.6999999881 0.0984333
2.6000001431 0.6999999881 0.170534
2.7000000477 0.6999999881 0.237883
2.7999999523 0.6999999881 0.297498
2.9000000954 0.6999999881 0.355577
3 0.6999999881 0.404838
3.1000001431 0.6999999881 0.469787
3.2000000477 0.6999999881 0.529229
3.2999999523 0.6999999881 0.555072
3.4000000954 0.6999999881 0.552028
3.5 0.6999999881 0.531733
3.6000001431 0.6999999881 0.486989
3.7000000477 0.6999999881 0.419719
3.7999999523 0.6999999881 0.334043
3.9000000954 0.6999999881 0.240101
0 0.8000000119 0.475623
0.1000000015 0.8000000119 0.566319
0.200000003 0.8000000119 0.639211
0.3000000119 0.8000000119 0.718699
0.400000006 0.8000000119 0.779868
0.5 0.8000000119 0.841857
0.6000000238 0.8000000119 0.890819
0.6999999881 0.8000000119 0.933434
0.8000000119 0.8000000119 0.956724
0.9000000358 0.8000000119 0.956363
1 0.8000000119 0.940881
1.1000000238 0.8000000119 0.918061
1.2000000477 0.8000000119 0.888349
1.3000000715 0.8000000119 0.867293
1.3999999762 0.8000000119 0.815299
1.5 0.8000000119 0.726173
1.6000000238 0.8000000119 0.603566
1.7000000477 0.8000000119 0.449868
1.8000000715 0.8000000119 0.291547
1.8999999762 0.8000000119 0.167905
2 0.8000000119 0.0621887
2.1000001431 0.8000000119 -0.0223289
2.2000000477 0.8000000119 -0.0457018
2.2999999523 0.8000000119 -0.0387381
2.4000000954 0.8000000119 -0.00296646
2.5 0.8000000119 0.0654765
2.6000001431 0.8000000119 0.130244
2.7000000477 0.8000000119 0.212808
2.7999999523 0.8000000119 0.270147
2.9000000954 0.8000000119 0.317079
3 0.8000000119 0.380099
3.1000001431 0.8000000119 0.439986
3.2000000477 0.8000000119 0.489241
3.2999999523 0.8000000119 0.531928
3.4000000954 0.8000000119 0.529006
3.5 0.8000000119 0.506917
3.6000001431 0.8000000119 0.4826
3.7000000477 0.8000000119 0.413379
3.7999999523 0.8000000119 0.340633
3.9000000954 0.8000000119 0.26337
0 0.9000000358 0.434353
0.1000000015 0.9000000358 0.529204
0.200000003 0.9000000358 0.592701
0.3000000119 0.9000000358 0.661126
0.400000006 0.9000000358 0.743845
0.5 0.9000000358 0.818709
0.6000000238 0.9000000358 0.889922
0.6999999881 0.9000000358 0.943246
0.8000000119 0.9000000358 0.994314
0.9000000358 0.9000000358 0.989575
1 0.9000000358 0.989663
1.1000000238 0.9000000358 0.978099
1.2000000477 0.9000000358 0.95352
1.3000000715 0.9000000358 0.926506
1.3999999762 0.9000000358 0.868523
1.5 0.9000000358 0.769055
1.6000000238 0.9000000358 0.638786
1.7000000477 0.9000000358 0.482061
1.8000000715 0.9000000358 0.327636
1.8999999762 0.9000000358 0.191624
2 0.9000000358 0.0657198
2.1000001431 0.9000000358 -0.00946454
2.2000000477 0.9000000358 -0.0700031
2.2999999523 0.9000000358 -0.069799
2.4000000954 0.9000000358 -0.00926704
2.5 0.9000000358 0.0334106
2.6000001431 0.9000000358 0.0881662
2.7000000477 0.9000000358 0.171818
2.7999999523 0.9000000358 0.240865
2.9000000954 0.9000000358 0.284909
3 0.9000000358 0.341004
3.1000001431 0.9000000358 0.397194
3.2000000477 0.9000000358 0.44926
3.2999999523 0.9000000358 0.480581
3.4000000954 0.9000000358 0.494905
3.5 0.9000000358 0.493674
3.6000001431 0.9000000358 0.456981
3.7000000477 0.9000000358 0.41318
3.7999999523 0.9000000358 0.346869
3.9000000954 0.9000000358 0.274297
0 1 0.411889
0.1000000015 1 0.485837
0.200000003 1 0.562772
0.3000000119 1 0.638321
0.400000006 1 0.705373
0.5 1 0.786325
0.6000000238 1 0.869372
0.6999999881 1 0.940238
0.8000000119 1 0.983139
0.9000000358 1 0.997585
1 1 1
1.1000000238 1 1.00166
1.2000000477 1 0.980163
1.3000000715 1 0.946196
1.3999999762 1 0.878227
1.5 1 0.786325
1.6000000238 1 0.656828
1.7000000477 1 0.501675
1.8000000715 1 0.344976
1.8999999762 1 0.197109
2 1 0.0681576
2.1000001431 1 -0.0262772
2.2000000477 1 -0.0749231
2.2999999523 1 -0.0696907
2.4000000954 1 -0.0380718
2.5 1 0.0190916
2.6000001431 1 0.0813093
2.7000000477 1 0.13034
2.7999999523 1 0.203154
2.9000000954 1 0.257419
3 1 0.301035
3.1000001431 1 0.355934
3.2000000477 1 0.404539
3.2999999523 1 0.458216
3.4000000954 1 0.470604
3.5 1 0.471546
3.6000001431 1 0.456845
3.7000000477 1 0.403432
3.7999999523 1 0.355256
3.9000000954 1 0.284757
0 1.1000000238 0.353245
0.1000000015 1.1000000238 0.439029
0.200000003 1.1000000238 0.51441
0.3000000119 1.1000000238 0.600123
0.400000006 1.1000000238 0.671211
0.5 1.1000000238 0.773654
0.6000000238 1.1000000238 0.845185
0.6999999881 1.1000000238 0.900257
0.8000000119 1.1000000238 0.953193
0.9000000358 1.1000000238 0.975691
1 1.1000000238 0.997791
1.1000000238 1.1000000238 0.994614
1.2000000477 1.1000000238 0.988122
1.3000000715 1.1000000238 0.941375
1.3999999762 1.1000000238 0.874286
1.5 1.1000000238 0.777202
1.6000000238 1.1000000238 0.66065
1.7000000477 1.1000000238 0.51576
1.8000000715 1.1000000238 0.371192
1.8999999762 1.1000000238 0.21071
2 1.1000000238 0.0615491
2.1000001431 1.1000000238 -0.0202178
2.2000000477 1.1000000238 -0.0689826
2.2999999523 1.1000000238 -0.0690314
2.4000000954 1.1000000238 -0.0435738
2.5 1.1000000238 0.00332379
2.6000001431 1.1000000238 0.05693
2.7000000477 1.1000000238 0.112669
2.7999999523 1.1000000238 0.16666
2.9000000954 1.1000000238 0.232499
3 1.1000000238 0.265148
3.1000001431 1.1000000238 0.304537
3.2000000477 1.1000000238 0.366126
3.2999999523 1.1000000238 0.40845
3.4000000954 1.1000000238 0.452764
3.5 1.1000000238 0.44883
3.6000001431 1.1000000238 0.434227
3.7000000477 1.1000000238 0.399422
3.7999999523 1.1000000238 0.347012
3.9000000954 1.1000000238 0.279121
0 1.2000000477 0.311625
0.1000000015 1.2000000477 0.392926
0.200000003 1.2000000477 0.479081
0.3000000119 1.2000000477 0.564862
0.400000006 1.2000000477 0.639835
0.5 1.2000000477 0.721333
0.6000000238 1.2000000477 0.819792
0.6999999881 1.2000000477 0.880194
0.8000000119 1.2000000477 0.926703
0.9000000358 1.2000000477 0.948813
1 1.2000000477 0.960582
1.1000000238 1.2000000477 0.964063
1.2000000477 1.2000000477 0.964984
1.3000000715 1.2000000477 0.913296
1.3999999762 1.2000000477 0.834047
1.5 1.2000000477 0.751299
1.6000000238 1.2000000477 0.652418
1.7000000477 1.2000000477 0.517777
1.8000000715 1.2000000477 0.374083
1.8999999762 1.2000000477 0.226735
2 1.2000000477 0.0854214
2.1000001431 1.2000000477 -0.0362828
2.2000000477 1.2000000477 -0.0797394
2.2999999523 1.2000000477 -0.0860435
2.4000000954 1.2000000477 -0.0446545
2.5 1.2000000477 -0.00735493
2.6000001431 1.2000000477 0.0431286
2.7000000477 1.2000000477 0.0835389
2.7999999523 1.2000000477 0.140901
2.9000000954 1.2000000477 0.197001
3 1.2000000477 0.224254
3.1000001431 1.2000000477 0.259421
3.2000000477 1.2000000477 0.337643
3.2999999523 1.2000000477 0.367497
3.4000000954 1.2000000477 0.396931
3.5 1.2000000477 0.411016
3.6000001431 1.2000000477 0.397426
3.7000000477 1.2000000477 0.384401
3.7999999523 1.2000000477 0.328367
3.9000000954 1.2000000477 0.263328
0 1.3000000715 0.264766
0.1000000015 1.3000000715 0.342716
0.200000003 1.3000000715 0.423465
0.3000000119 1.3000000715 0.526238
0.400000006 1.3000000715 0.59566
0.5 1.3000000715 0.677767
0.6000000238 1.3000000715 0.759019
0.6999999881 1.3000000715 0.825192
0.8000000119 1.3000000715 0.86885
0.9000000358 1.3000000715 0.890235
1 1.3000000715 0.903878
1.1000000238 1.3000000715 0.908594
1.2000000477 1.3000000715 0.914122
1.3000000715 1.3000000715 0.855737
1.3999999762 1.3000000715 0.784904
1.5 1.3000000715 0.697394
1.6000000238 1.3000000715 0.588876
1.7000000477 1.3000000715 0.462605
1.8000000715 1.3000000715 0.356272
1.8999999762 1.3000000715 0.189218
2 1.3000000715 0.0532785
2.1000001431 1.3000000715 -0.0439362
2.2000000477 1.3000000715 -0.0842427
2.2999999523 1.3000000715 -0.0877436
2.4000000954 1.3000000715 -0.0586411
2.5 1.3000000715 -0.0074213
2.6000001431 1.3000000715 0.0340039
2.7000000477 1.3000000715 0.0722624
2.7999999523 1.3000000715 0.125743
2.9000000954 1.3000000715 0.148125
3 1.3000000715 0.186417
3.1000001431 1.3000000715 0.219509
3.2000000477 1.3000000715 0.281965
3.2999999523 1.3000000715 0.317534
3.4000000954 1.3000000715 0.350107
3.5 1.3000000715 0.381106
3.6000001431 1.3000000715 0.369321
3.7000000477 1.3000000715 0.344471
3.7999999523 1.3000000715 0.295161
3.9000000954 1.3000000715 0.232645
0 1.3999999762 0.211387
0.1000000015 1.3999999762 0.28115
0.200000003 1.3999999762 0.36984
0.3000000119 1.3999999762 0.46748
0.400000006 1.3999999762 0.548441
0.5 1.3999999762 0.626963
0.6000000238 1.3999999762 0.687418
0.6999999881 1.3999999762 0.758334
0.8000000119 1.3999999762 0.800534
0.9000000358 1.3999999762 0.808311
1 1.3999999762 0.813415
1.1000000238 1.3999999762 0.821083
1.2000000477 1.3999999762 0.824563
1.3000000715 1.3999999762 0.788836
1.3999999762 1.3999999762 0.710061
1.5 1.3999999762 0.614829
1.6000000238 1.3999999762 0.496289
1.7000000477 1.3999999762 0.384723
1.8000000715 1.3999999762 0.27844
1.8999999762 1.3999999762 0.147549
2 1.3999999762 0.0125746
2.1000001431 1.3999999762 -0.0706005
2.2000000477 1.3999999762 -0.0923936
2.2999999523 1.3999999762 -0.077078
2.4000000954 1.3999999762 -0.045259
2.5 1.3999999762 -0.00157869
2.6000001431 1.3999999762 0.0480494
2.7000000477 1.3999999762 0.0878546
2.7999999523 1.3999999762 0.11442
2.9000000954 1.3999999762 0.110471
3 1.3999999762 0.140841
3.1000001431 1.3999999762 0.16791
3.2000000477 1.3999999762 0.21737
3.2999999523 1.3999999762 0.264874
3.4000000954 1.3999999762 0.292316
3.5 1.3999999762 0.327135
3.6000001431 1.3999999762 0.333872
3.7000000477 1.3999999762 0.302846
3.7999999523 1.3999999762 0.25887
3.9000000954 1.3999999762 0.203685
0 1.5 0.134717
0.1000000015 1.5 0.210365
0.200000003 1.5 0.294908
0.3000000119 1.5 0.384833
0.400000006 1.5 0.466339
0.5 1.5 0.543778
0.6000000238 1.5 0.61873
0.6999999881 1.5 0.682917
0.8000000119 1.5 0.713292
0.9000000358 1.5 0.719881
1 1.5 0.714238
1.1000000238 1.5 0.718102
1.2000000477 1.5 0.711834
1.3000000715 1.5 0.680446
1.3999999762 1.5 0.611568
1.5 1.5 0.514537
1.6000000238 1.5 0.407717
1.7000000477 1.5 0.294982
1.8000000715 1.5 0.19289
1.8999999762 1.5 0.0967438
2 1.5 -0.00432799
2.1000001431 1.5 -0.0650444
2.2000000477 1.5 -0.0874392
2.2999999523 1.5 -0.0622936
2.4000000954 1.5 -0.0139671
2.5 1.5 0.0235408
2.6000001431 1.5 0.0508276
2.7000000477 1.5 0.0722334
2.7999999523 1.5 0.0756097
2.9000000954 1.5 0.0698858
3 1.5 0.0836726
3.1000001431 1.5 0.119123
3.2000000477 1.5 0.156931
3.2999999523 1.5 0.19138
3.4000000954 1.5 0.236518
3.5 1.5 0.258695
3.6000001431 1.5 0.267342
3.7000000477 1.5 0.241677
3.7999999523 1.5 0.20601
3.9000000954 1.5 0.156816
0 1.6000000238 0.0760472
0.1000000015 1.6000000238 0.135728
0.200000003 1.6000000238 0.208473
0.3000000119 1.6000000238 0.284618
0.400000006 1.6000000238 0.371604
0.5 1.6000000238 0.450786
0.6000000238 1.6000000238 0.540344
0.6999999881 1.6000000238 0.59015
0.8000000119 1.6000000238 0.606781
0.9000000358 1.6000000238 0.610169
1 1.6000000238 0.60907
1.1000000238 1.6000000238 0.590159
1.2000000477 1.6000000238 0.564801
1.3000000715 1.6000000238 0.532553
1.3999999762 1.6000000238 0.457351
1.5 1.6000000238 0.372556
1.6000000238 1.6000000238 0.276825
1.7000000477 1.6000000238 0.202619
1.8000000715 1.6000000238 0.124769
1.8999999762 1.6000000238 0.0587417
2 1.6000000238 -0.00613863
2.1000001431 1.6000000238 -0.0410779
2.2000000477 1.6000000238 -0.038996
2.2999999523 1.6000000238 -0.0193731
2.4000000954 1.6000000238 0.00597024
2.5 1.6000000238 0.0414378
2.6000001431 1.6000000238 0.0548348
2.7000000477 1.6000000238 0.050778
2.7999999523 1.6000000238 0.0488277
2.9000000954 1.6000000238 0.0411683
3 1.6000000238 0.0393521
3.1000001431 1.6000000238 0.0535772
3.2000000477 1.6000000238 0.0916649
3.2999999523 1.6000000238 0.131088
3.4000000954 1.6000000238 0.152728
3.5 1.6000000238 0.178137
3.6000001431 1.6000000238 0.190381
3.7000000477 1.6000000238 0.168696
3.7999999523 1.6000000238 0.141684
3.9000000954 1.6000000238 0.114787
0 1.7000000477 0.0103607
0.1000000015 1.7000000477 0.0622632
0.200000003 1.7000000477 0.106399
0.3000000119 1.7000000477 0.197741
0.400000006 1.7000000477 0.273513
0.5 1.7000000477 0.366551
0.6000000238 1.7000000477 0.434326
0.6999999881 1.7000000477 0.494063
0.8000000119 1.7000000477 0.50233
0.9000000358 1.7000000477 0.511623
1 1.7000000477 0.485104
1.1000000238 1.7000000477 0.465373
1.2000000477 1.7000000477 0.435024
1.3000000715 1.7000000477 0.372832
1.3999999762 1.7000000477 0.293895
1.5 1.7000000477 0.23154
1.6000000238 1.7000000477 0.16287
1.7000000477 1.7000000477 0.122894
1.8000000715 1.7000000477 0.0878193
1.8999999762 1.7000000477 0.03014
2 1.7000000477 0.000863696
2.1000001431 1.7000000477 0.000934596
2.2000000477 1.7000000477 0.0202618
2.2999999523 1.7000000477 0.0289978
2.4000000954 1.7000000477 0.0389557
2.5 1.7000000477 0.0532613
2.6000001431 1.7000000477 0.0493679
2.7000000477 1.7000000477 0.0208301
2.7999999523 1.7000000477 0.00618634
2.9000000954 1.7000000477 0.00147513
3 1.7000000477 0.00135525
3.1000001431 1.7000000477 0.00799152
3.2000000477 1.7000000477 0.0285649
3.2999999523 1.7000000477 0.0750888
3.4000000954 1.7000000477 0.0945077
3.5 1.7000000477 0.113914
3.6000001431 1.7000000477 0.117363
3.7000000477 1.7000000477 0.106664
3.7999999523 1.7000000477 0.0788097
3.9000000954 1.7000000477 0.0545673
0 1.8000000715 -0.037652
0.1000000015 1.8000000715 -0.00566364
0.200000003 1.8000000715 0.0394875
0.3000000119 1.8000000715 0.096907
0.400000006 1.8000000715 0.170538
0.5 1.8000000715 0.24963
0.6000000238 1.8000000715 0.33653
0.6999999881 1.8000000715 0.384287
0.8000000119 1.8000000715 0.402298
0.9000000358 1.8000000715 0.397649
1 1.8000000715 0.384226
1.1000000238 1.8000000715 0.356431
1.2000000477 1.8000000715 0.301542
1.3000000715 1.8000000715 0.246702
1.3999999762 1.8000000715 0.17028
1.5 1.8000000715 0.100378
1.6000000238 1.8000000715 0.0662084
1.7000000477 1.8000000715 0.0573424
1.8000000715 1.8000000715 0.0460538
1.8999999762 1.8000000715 0.0255605
2 1.8000000715 0.0130065
2.1000001431 1.8000000715 0.038728
2.2000000477 1.8000000715 0.0659413
2.2999999523 1.8000000715 0.0879263
2.4000000954 1.8000000715 0.083222
2.5 1.8000000715 0.0800262
2.6000001431 1.8000000715 0.0450938
2.7000000477 1.8000000715 0.010494
2.7999999523 1.8000000715 -0.0241463
2.9000000954 1.8000000715 -0.0145456
3 1.8000000715 -0.0270737
3.1000001431 1.8000000715 -0.0158537
3.2000000477 1.8000000715 -0.00744829
3.2999999523 1.8000000715 0.0247786
3.4000000954 1.8000000715 0.0317819
3.5 1.8000000715 0.0495214
3.6000001431 1.8000000715 0.0448471
3.7000000477 1.8000000715 0.0411471
3.7999999523 1.8000000715 0.0194207
3.9000000954 1.8000000715 0.00397804
0 1.8999999762 -0.0826251
0.1000000015 1.8999999762 -0.0799792
0.200000003 1.8999999762 -0.0444811
0.3000000119 1.8999999762 0.0156499
0.400000006 1.8999999762 0.0722813
0.5 1.8999999762 0.145581
0.6000000238 1.8999999762 0.22556
0.6999999881 1.8999999762 0.289748
0.8000000119 1.8999999762 0.300725
0.9000000358 1.8999999762 0.296939
1 1.8999999762 0.285
1.1000000238 1.8999999762 0.233899
1.2000000477 1.8999999762 0.184791
1.3000000715 1.8999999762 0.127965
1.3999999762 1.8999999762 0.0489888
1.5 1.8999999762 0.01355
1.6000000238 1.8999999762 0.00456624
1.7000000477 1.8999999762 0.024272
1.8000000715 1.8999999762 0.025474
1.8999999762 1.8999999762 0.0189764
2 1.8999999762 0.0383364
2.1000001431 1.8999999762 0.0589152
2.2000000477 1.8999999762 0.0936314
2.2999999523 1.8999999762 0.125522
2.4000000954 1.8999999762 0.111172
2.5 1.8999999762 0.0914095
2.6000001431 1.8999999762 0.0618725
2.7000000477 1.8999999762 0.0175187
2.7999999523 1.8999999762 -0.0257791
2.9000000954 1.8999999762 -0.0340022
3 1.8999999762 -0.0478019
3.1000001431 1.8999999762 -0.0437042
3.2000000477 1.8999999762 -0.037814
3.2999999523 1.8999999762 -0.0141003
3.4000000954 1.8999999762 -0.0134363
3.5 1.8999999762 0.00505145
3.6000001431 1.8999999762 -0.0100759
3.7000000477 1.8999999762 -0.0244265
3.7999999523 1.8999999762 -0.0335741
3.9000000954 1.8999999762 -0.0403232
0 2 -0.182455
0.1000000015 2 -0.171982
0.200000003 2 -0.121723
0.3000000119 2 -0.0895851
0.400000006 2 -0.0306392
0.5 2 0.0458589
0.6000000238 2 0.121366
0.6999999881 2 0.174022
0.8000000119 2 0.205462
0.9000000358 2 0.201946
1 2 0.188563
1.1000000238 2 0.128186
1.2000000477 2 0.0812654
1.3000000715 2 0.0176345
1.3999999762 2 -0.0438546
1.5 2 -0.0375436
1.6000000238 2 -0.0277974
1.7000000477 2 -0.0151917
1.8000000715 2 0.0136539
1.8999999762 2 0.0164173
2 2 0.0302066
2.1000001431 2 0.0562599
2.2000000477 2 0.0864528
2.2999999523 2 0.125251
2.4000000954 2 0.103199
2.5 2 0.0950992
2.6000001431 2 0.0685706
2.7000000477 2 0.0259361
2.7999999523 2 -0.015468
2.9000000954 2 -0.0410992
3 2 -0.0531234
3.1000001431 2 -0.0680401
3.2000000477 2 -0.0520187
3.2999999523 2 -0.0390451
3.4000000954 2 -0.0424651
3.5 2 -0.0282076
3.6000001431 2 -0.0252946
3.7000000477 2 -0.0479709
3.7999999523 2 -0.0519378
3.9000000954 2 -0.0608289
0 2.1000001431 -0.272325
0.1000000015 2.1000001431 -0.266969
0.200000003 2.1000001431 -0.214683
0.3000000119 2.1000001431 -0.166965
0.400000006 2.1000001431 -0.111134
0.5 2.1000001431 -0.0438244
0.6000000238 2.1000001431 0.0296629
0.6999999881 2.1000001431 0.10547
0.8000000119 2.1000001431 0.130427
0.9000000358 2.1000001431 0.123136
1 2.1000001431 0.10374
1.1000000238 2.1000001431 0.045964
1.2000000477 2.1000001431 0.004607
1.3000000715 2.1000001431 -0.0410097
1.3999999762 2.1000001431 -0.0646604
1.5 2.1000001431 -0.0694592
1.6000000238 2.1000001431 -0.05158
1.7000000477 2.1000001431 -0.0388755
1.8000000715 2.1000001431 -0.014472
1.8999999762 2.1000001431 -0.00702297
2 2.1000001431 0.0203758
2.1000001431 2.1000001431 0.041441
2.2000000477 2.1000001431 0.0648168
2.2999999523 2.1000001431 0.0962001
2.4000000954 2.1000001431 0.115056
2.5 2.1000001431 0.105826
2.6000001431 2.1000001431 0.0616422
2.7000000477 2.1000001431 0.0356053
2.7999999523 2.1000001431 -0.00599844
2.9000000954 2.1000001431 -0.032536
3 2.1000001431 -0.0554999
3.1000001431 2.1000001431 -0.0756491
3.2000000477 2.1000001431 -0.0627208
3.2999999523 2.1000001431 -0.0445832
3.4000000954 2.1000001431 -0.0445731
3.5 2.1000001431 -0.04518
3.6000001431 2.1000001431 -0.0526448
3.7000000477 2.1000001431 -0.0490559
3.7999999523 2.1000001431 -0.0600804
3.9000000954 2.1000001431 -0.0723868
0 2.2000000477 -0.381647
0.1000000015 2.2000000477 -0.358506
0.200000003 2.2000000477 -0.298284
0.3000000119 2.2000000477 -0.244401
0.400000006 2.2000000477 -0.182232
0.5 2.2000000477 -0.0969938
0.6000000238 2.2000000477 -0.0267613
0.6999999881 2.2000000477 0.0323831
0.8000000119 2.2000000477 0.0793028
0.9000000358 2.2000000477 0.0769585
1 2.2000000477 0.0500207
1.1000000238 2.2000000477 -0.00128631
1.2000000477 2.2000000477 -0.0548025
1.3000000715 2.2000000477 -0.0737153
1.3999999762 2.2000000477 -0.0863201
1.5 2.2000000477 -0.0685047
1.6000000238 2.2000000477 -0.0662692
1.7000000477 2.2000000477 -0.051868
1.8000000715 2.2000000477 -0.0492518
1.8999999762 2.2000000477 -0.0179222
2 2.2000000477 0.0109023
2.1000001431 2.2000000477 0.0152558
2.2000000477 2.2000000477 0.0394483
2.2999999523 2.2000000477 0.0754258
2.4000000954 2.2000000477 0.0924889
2.5 2.2000000477 0.0837729
2.6000001431 2.2000000477 0.0700867
2.7000000477 2.2000000477 0.0330485
2.7999999523 2.2000000477 -0.00443479
2.9000000954 2.2000000477 -0.0203859
3 2.2000000477 -0.0370537
3.1000001431 2.2000000477 -0.0642274
3.2000000477 2.2000000477 -0.0532778
3.2999999523 2.2000000477 -0.0514418
3.4000000954 2.2000000477 -0.0383684
3.5 2.2000000477 -0.0303054
3.6000001431 2.2000000477 -0.0307847
3.7000000477 2.2000000477 -0.0299085
3.7999999523 2.2000000477 -0.0466611
3.9000000954 2.2000000477 -0.0564353
0 2.2999999523 -0.46564
0.1000000015 2.2999999523 -0.419349
0.200000003 2.2999999523 -0.362175
0.3000000119 2.2999999523 -0.286417
0.400000006 2.2999999523 -0.224059
0.5 2.2999999523 -0.13858
0.6000000238 2.2999999523 -0.0677197
0.6999999881 2.2999999523 0.00342445
0.8000000119 2.2999999523 0.0458794
0.9000000358 2.2999999523 0.0501831
1 2.2999999523 0.0313454
1.1000000238 2.2999999523 -0.0189353
1.2000000477 2.2999999523 -0.0662419
1.3000000715 2.2999999523 -0.098014
1.3999999762 2.2999999523 -0.0847508
1.5 2.2999999523 -0.0758832
1.6000000238 2.2999999523 -0.0649192
1.7000000477 2.2999999523 -0.0572574
1.8000000715 2.2999999523 -0.0431085
1.8999999762 2.2999999523 -0.0245883
2 2.2999999523 -0.00925892
2.1000001431 2.2999999523 -0.00181601
2.2000000477 2.2999999523 0.0194656
2.2999999523 2.2999999523 0.0488699
2.4000000954 2.2999999523 0.0595684
2.5 2.2999999523 0.0740907
2.6000001431 2.2999999523 0.044566
2.7000000477 2.2999999523 0.0134594
2.7999999523 2.2999999523 -0.00642147
2.9000000954 2.2999999523 -0.0133233
3 2.2999999523 -0.0291345
3.1000001431 2.2999999523 -0.0394863
3.2000000477 2.2999999523 -0.0396604
3.2999999523 2.2999999523 -0.0252414
3.4000000954 2.2999999523 -0.0226064
3.5 2.2999999523 -0.012588
3.6000001431 2.2999999523 -0.00408719
3.7000000477 2.2999999523 -0.0111069
3.7999999523 2.2999999523 -0.0281384
3.9000000954 2.2999999523 -0.0310213
0 2.4000000954 -0.480523
0.1000000015 2.4000000954 -0.454554
0.200000003 2.4000000954 -0.390564
0.3000000119 2.4000000954 -0.30035
0.400000006 2.4000000954 -0.224247
0.5 2.4000000954 -0.13872
0.6000000238 2.4000000954 -0.0748072
0.6999999881 2.4000000954 -0.00543403
0.8000000119 2.4000000954 0.033924
0.9000000358 2.4000000954 0.0451503
1 2.4000000954 0.0286247
1.1000000238 2.4000000954 -0.000270439
1.2000000477 2.4000000954 -0.0385294
1.3000000715 2.4000000954 -0.0676508
1.3999999762 2.4000000954 -0.0593347
1.5 2.4000000954 -0.0483767
1.6000000238 2.4000000954 -0.0563461
1.7000000477 2.4000000954 -0.0618186
1.8000000715 2.4000000954 -0.0465003
1.8999999762 2.4000000954 -0.0373008
2 2.4000000954 -0.0123782
2.1000001431 2.4000000954 -0.013147
2.2000000477 2.4000000954 -0.0109006
2.2999999523 2.4000000954 0.00333963
2.4000000954 2.4000000954 0.0209037
2.5 2.4000000954 0.0269178
2.6000001431 2.4000000954 0.0351534
2.7000000477 2.4000000954 0.0177039
2.7999999523 2.4000000954 -0.0107787
2.9000000954 2.4000000954 0.00929873
3 2.4000000954 -0.00421101
3.1000001431 2.4000000954 -0.000518108
3.2000000477 2.4000000954 -0.0161871
3.2999999523 2.4000000954 0.0131623
3.4000000954 2.4000000954 0.0205753
3.5 2.4000000954 0.03295
3.6000001431 2.4000000954 0.025395
3.7000000477 2.4000000954 0.0227917
3.7999999523 2.4000000954 0.0296291
3.9000000954 2.4000000954 0.0219981
0 2.5 -0.49234
0.1000000015 2.5 -0.446908
0.200000003 2.5 -0.384674
0.3000000119 2.5 -0.299608
0.400000006 2.5 -0.205964
0.5 2.5 -0.115892
0.6000000238 2.5 -0.041249
0.6999999881 2.5 0.0144921
0.8000000119 2.5 0.0493148
0.9000000358 2.5 0.0611104
1 2.5 0.0460426
1.1000000238 2.5 0.0330961
1.2000000477 2.5 0.012745
1.3000000715 2.5 -0.021109
1.3999999762 2.5 -0.0311673
1.5 2.5 -0.0376615
1.6000000238 2.5 -0.0543733
1.7000000477 2.5 -0.070463
1.8000000715 2.5 -0.0630454
1.8999999762 2.5 -0.0450927
2 2.5 -0.0152907
2.1000001431 2.5 -0.0361492
2.2000000477 2.5 -0.0398704
2.2999999523 2.5 -0.0510818
2.4000000954 2.5 -0.0412684
2.5 2.5 -0.0177424
2.6000001431 2.5 -0.00878402
2.7000000477 2.5 0.00164609
2.7999999523 2.5 0.0108035
2.9000000954 2.5 0.0192979
3 2.5 0.016281
3.1000001431 2.5 0.0162685
3.2000000477 2.5 0.0364351
3.2999999523 2.5 0.0525259
3.4000000954 2.5 0.054692
3.5 2.5 0.0709582
3.6000001431 2.5 0.0657855
3.7000000477 2.5 0.0685647
3.7999999523 2.5 0.072091
3.9000000954 2.5 0.0670176
0 2.6000001431 -0.447296
0.1000000015 2.6000001431 -0.413309
0.200000003 2.6000001431 -0.337431
0.3000000119 2.6000001431 -0.242383
0.400000006 2.6000001431 -0.157149
0.5 2.6000001431 -0.0623069
0.6000000238 2.6000001431 0.0116515
0.6999999881 2.6000001431 0.0623795
0.8000000119 2.6000001431 0.0774429
0.9000000358 2.6000001431 0.103138
1 2.6000001431 0.0779946
1.1000000238 2.6000001431 0.0607539
1.2000000477 2.6000001431 0.0165978
1.3000000715 2.6000001431 -0.0042647
1.3999999762 2.6000001431 -0.0287686
1.5 2.6000001431 -0.0489039
1.6000000238 2.6000001431 -0.0586336
1.7000000477 2.6000001431 -0.0752009
1.8000000715 2.6000001431 -0.0787264
1.8999999762 2.6000001431 -0.0631926
2 2.6000001431 -0.0445852
2.1000001431 2.6000001431 -0.0511531
2.2000000477 2.6000001431 -0.0691365
2.2999999523 2.6000001431 -0.0852816
2.4000000954 2.6000001431 -0.0867466
2.5 2.6000001431 -0.0614282
2.6000001431 2.6000001431 -0.0440251
2.7000000477 2.6000001431 -0.0271159
2.7999999523 2.6000001431 0.0131245
2.9000000954 2.6000001431 0.027342
3 2.6000001431 0.0478899
3.1000001431 2.6000001431 0.0735068
3.2000000477 2.6000001431 0.0730983
3.2999999523 2.6000001431 0.0754446
3.4000000954 2.6000001431 0.0905944
3.5 2.6000001431 0.103507
3.6000001431 2.6000001431 0.104067
3.7000000477 2.6000001431 0.0986864
3.7999999523 2.6000001431 0.113168
3.9000000954 2.6000001431 0.119619
0 2.7000000477 -0.401416
0.1000000015 2.7000000477 -0.339375
0.200000003 2.7000000477 -0.267604
0.3000000119 2.7000000477 -0.17226
0.400000006 2.7000000477 -0.080634
0.5 2.7000000477 -0.00147543
0.6000000238 2.7000000477 0.0715199
0.6999999881 2.7000000477 0.104495
0.8000000119 2.7000000477 0.127223
0.9000000358 2.7000000477 0.132434
1 2.7000000477 0.0978165
1.1000000238 2.7000000477 0.0694057
1.2000000477 2.7000000477 0.0213012
1.3000000715 2.7000000477 -0.000464412
1.3999999762 2.7000000477 -0.0257528
1.5 2.7000000477 -0.0584366
1.6000000238 2.7000000477 -0.0654443
1.7000000477 2.7000000477 -0.0852849
1.8000000715 2.7000000477 -0.0854633
1.8999999762 2.7000000477 -0.0846733
2 2.7000000477 -0.0752173
2.1000001431 2.7000000477 -0.0779375
2.2000000477 2.7000000477 -0.0881025
2.2999999523 2.7000000477 -0.115599
2.4000000954 2.7000000477 -0.0938796
2.5 2.7000000477 -0.07925
2.6000001431 2.7000000477 -0.0542738
2.7000000477 2.7000000477 -0.0267865
2.7999999523 2.7000000477 0.0187842
2.9000000954 2.7000000477 0.0586959
3 2.7000000477 0.0900621
3.1000001431 2.7000000477 0.0947639
3.2000000477 2.7000000477 0.0962912
3.2999999523 2.7000000477 0.114818
3.4000000954 2.7000000477 0.118848
3.5 2.7000000477 0.120757
3.6000001431 2.7000000477 0.106187
3.7000000477 2.7000000477 0.111842
3.7999999523 2.7000000477 0.118405
3.9000000954 2.7000000477 0.128861
0 2.7999999523 -0.3332
0.1000000015 2.7999999523 -0.263372
0.200000003 2.7999999523 -0.173993
0.3000000119 2.7999999523 -0.0893904
0.400000006 2.7999999523 0.000418191
0.5 2.7999999523 0.0695173
0.6000000238 2.7999999523 0.131836
0.6999999881 2.7999999523 0.158764
0.8000000119 2.7999999523 0.167101
0.9000000358 2.7999999523 0.157754
1 2.7999999523 0.115497
1.1000000238 2.7999999523 0.0659705
1.2000000477 2.7999999523 0.0219732
1.3000000715 2.7999999523 -0.0122797
1.3999999762 2.7999999523 -0.0336583
1.5 2.7999999523 -0.0603868
1.6000000238 2.7999999523 -0.0797133
1.7000000477 2.7999999523 -0.0833575
1.8000000715 2.7999999523 -0.101183
1.8999999762 2.7999999523 -0.0996937
2 2.7999999523 -0.0866591
2.1000001431 2.7999999523 -0.095329
2.2000000477 2.7999999523 -0.111892
2.2999999523 2.7999999523 -0.119646
2.4000000954 2.7999999523 -0.112361
2.5 2.7999999523 -0.0801985
2.6000001431 2.7999999523 -0.0518604
2.7000000477 2.7999999523 -0.0144273
2.7999999523 2.7999999523 0.0384403
2.9000000954 2.7999999523 0.0804308
3 2.7999999523 0.111893
3.1000001431 2.7999999523 0.124809
3.2000000477 2.7999999523 0.128344
3.2999999523 2.7999999523 0.128557
3.4000000954 2.7999999523 0.130372
3.5 2.7999999523 0.125251
3.6000001431 2.7999999523 0.115571
3.7000000477 2.7999999523 0.118904
3.7999999523 2.7999999523 0.117848
3.9000000954 2.7999999523 0.129777
0 2.9000000954 -0.243084
0.1000000015 2.9000000954 -0.171768
0.200000003 2.9000000954 -0.0822408
0.3000000119 2.9000000954 0.016924
0.400000006 2.9000000954 0.0926396
0.5 2.9000000954 0.155273
0.6000000238 2.9000000954 0.189168
0.6999999881 2.9000000954 0.203229
0.8000000119 2.9000000954 0.184765
0.9000000358 2.9000000954 0.158299
1 2.9000000954 0.112107
1.1000000238 2.9000000954 0.0627846
1.2000000477 2.9000000954 0.0146369
1.3000000715 2.9000000954 -0.0289806
1.3999999762 2.9000000954 -0.0439292
1.5 2.9000000954 -0.0785202
1.6000000238 2.9000000954 -0.0914205
1.7000000477 2.9000000954 -0.0941608
1.8000000715 2.9000000954 -0.0972025
1.8999999762 2.9000000954 -0.100374
2 2.9000000954 -0.103075
2.1000001431 2.9000000954 -0.109632
2.2000000477 2.9000000954 -0.114865
2.2999999523 2.9000000954 -0.115768
2.4000000954 2.9000000954 -0.102083
2.5 2.9000000954 -0.0774424
2.6000001431 2.9000000954 -0.0487857
2.7000000477 2.9000000954 0.00730589
2.7999999523 2.9000000954 0.0560468
2.9000000954 2.9000000954 0.100868
3 2.9000000954 0.125275
3.1000001431 2.9000000954 0.150675
3.2000000477 2.9000000954 0.154859
3.2999999523 2.9000000954 0.160843
3.4000000954 2.9000000954 0.157419
3.5 2.9000000954 0.146861
3.6000001431 2.9000000954 0.111876
3.7000000477 2.9000000954 0.113426
3.7999999523 2.9000000954 0.101845
3.9000000954 2.9000000954 0.118264
0 3 -0.139752
0.1000000015 3 -0.0641207
0.200000003 3 0.0297563
0.3000000119 3 0.113947
0.400000006 3 0.178008
0.5 3 0.22839
0.6000000238 3 0.260668
0.6999999881 3 0.246363
0.8000000119 3 0.219696
0.9000000358 3 0.18129
1 3 0.115483
1.1000000238 3 0.0462392
1.2000000477 3 0.00561607
1.3000000715 3 -0.0345264
1.3999999762 3 -0.0783625
1.5 3 -0.0989199
1.6000000238 3 -0.116555
1.7000000477 3 -0.108015
1.8000000715 3 -0.0980458
1.8999999762 3 -0.109897
2 3 -0.109101
2.1000001431 3 -0.118181
2.2000000477 3 -0.112341
2.2999999523 3 -0.11797
2.4000000954 3 -0.103928
2.5 3 -0.0796164
2.6000001431 3 -0.028392
2.7000000477 3 0.0193034
2.7999999523 3 0.0677436
2.9000000954 3 0.119643
3 3 0.143352
3.1000001431 3 0.167262
3.2000000477 3 0.187071
3.2999999523 3 0.205004
3.4000000954 3 0.204092
3.5 3 0.170083
3.6000001431 3 0.146308
3.7000000477 3 0.125291
3.7999999523 3 0.10234
3.9000000954 3 0.0876056
0 3.1000001431 -0.0559066
0.1000000015 3.1000001431 0.0531025
0.200000003 3.1000001431 0.141667
0.3000000119 3.1000001431 0.219045
0.400000006 3.1000001431 0.276604
0.5 3.1000001431 0.335342
0.6000000238 3.1000001431 0.343504
0.6999999881 3.1000001431 0.306593
0.8000000119 3.1000001431 0.253259
0.9000000358 3.1000001431 0.190121
1 3.1000001431 0.116591
1.1000000238 3.1000001431 0.046607
1.2000000477 3.1000001431 -0.0164351
1.3000000715 3.1000001431 -0.0598243
1.3999999762 3.1000001431 -0.0948567
1.5 3.1000001431 -0.122402
1.6000000238 3.1000001431 -0.128721
1.7000000477 3.1000001431 -0.123064
1.8000000715 3.1000001431 -0.0961346
1.8999999762 3.1000001431 -0.0991789
2 3.1000001431 -0.111152
2.1000001431 3.1000001431 -0.112912
2.2000000477 3.1000001431 -0.107704
2.2999999523 3.1000001431 -0.108566
2.4000000954 3.1000001431 -0.100715
2.5 3.1000001431 -0.0668983
2.6000001431 3.1000001431 -0.0158405
2.7000000477 3.1000001431 0.0349361
2.7999999523 3.1000001431 0.0973917
2.9000000954 3.1000001431 0.128651
3 3.1000001431 0.17585
3.1000001431 3.1000001431 0.201485
3.2000000477 3.1000001431 0.228426
3.2999999523 3.1000001431 0.250654
3.4000000954 3.1000001431 0.24741
3.5 3.1000001431 0.216803
3.6000001431 3.1000001431 0.181102
3.7000000477 3.1000001431 0.152221
3.7999999523 3.1000001431 0.110133
3.9000000954 3.1000001431 0.0635551
0 3.2000000477 0.0335897
0.1000000015 3.2000000477 0.13872
0.200000003 3.2000000477 0.244725
0.3000000119 3.2000000477 0.335467
0.400000006 3.2000000477 0.396045
0.5 3.2000000477 0.423948
0.6000000238 3.2000000477 0.417235
0.6999999881 3.2000000477 0.373849
0.8000000119 3.2000000477 0.298237
0.9000000358 3.2000000477 0.218094
1 3.2000000477 0.129521
1.1000000238 3.2000000477 0.0482495
1.2000000477 3.2000000477 -0.0283372
1.3000000715 3.2000000477 -0.0796224
1.3999999762 3.2000000477 -0.123736
1.5 3.2000000477 -0.13683
1.6000000238 3.2000000477 -0.135533
1.7000000477 3.2000000477 -0.120016
1.8000000715 3.2000000477 -0.0930027
1.8999999762 3.2000000477 -0.0823085
2 3.2000000477 -0.0846018
2.1000001431 3.2000000477 -0.0995822
2.2000000477 3.2000000477 -0.0839633
2.2999999523 3.2000000477 -0.0914934
2.4000000954 3.2000000477 -0.0714637
2.5 3.2000000477 -0.0356189
2.6000001431 3.2000000477 0.000981672
2.7000000477 3.2000000477 0.0629743
2.7999999523 3.2000000477 0.124889
2.9000000954 3.2000000477 0.163741
3 3.2000000477 0.200545
3.1000001431 3.2000000477 0.242438
3.2000000477 3.2000000477 0.271711
3.2999999523 3.2000000477 0.294539
3.4000000954 3.2000000477 0.287675
3.5 3.2000000477 0.25956
3.6000001431 3.2000000477 0.219974
3.7000000477 3.2000000477 0.166505
3.7999999523 3.2000000477 0.114489
3.9000000954 3.2000000477 0.0587961
0 3.2999999523 0.0901876
0.1000000015 3.2999999523 0.221193
0.200000003 3.2999999523 0.339229
0.3000000119 3.2999999523 0.428513
0.400000006 3.2999999523 0.492472
0.5 3.2999999523 0.522728
0.6000000238 3.2999999523 0.49268
0.6999999881 3.2999999523 0.427611
0.8000000119 3.2999999523 0.349798
0.9000000358 3.2999999523 0.256519
1 3.2999999523 0.15075
1.1000000238 3.2999999523 0.0467714
1.2000000477 3.2999999523 -0.0376997
1.3000000715 3.2999999523 -0.102968
1.3999999762 3.2999999523 -0.126606
1.5 3.2999999523 -0.144622
1.6000000238 3.2999999523 -0.140624
1.7000000477 3.2999999523 -0.112363
1.8000000715 3.2999999523 -0.0650605
1.8999999762 3.2999999523 -0.0442036
2 3.2999999523 -0.0550646
2.1000001431 3.2999999523 -0.0652663
2.2000000477 3.2999999523 -0.0631284
2.2999999523 3.2999999523 -0.0558211
2.4000000954 3.2999999523 -0.0471494
2.5 3.2999999523 -0.00892914
2.6000001431 3.2999999523 0.0416284
2.7000000477 3.2999999523 0.0997706
2.7999999523 3.2999999523 0.162517
2.9000000954 3.2999999523 0.205919
3 3.2999999523 0.255372
3.1000001431 3.2999999523 0.294619
3.2000000477 3.2999999523 0.338277
3.2999999523 3.2999999523 0.345948
3.4000000954 3.2999999523 0.32676
3.5 3.2999999523 0.29163
3.6000001431 3.2999999523 0.238681
3.7000000477 3.2999999523 0.177716
3.7999999523 3.2999999523 0.114755
3.9000000954 3.2999999523 0.0363626
0 3.4000000954 0.139312
0.1000000015 3.4000000954 0.280251
0.200000003 3.4000000954 0.404069
0.3000000119 3.4000000954 0.501383
0.400000006 3.4000000954 0.573714
0.5 3.4000000954 0.598084
0.6000000238 3.4000000954 0.552414
0.6999999881 3.4000000954 0.475813
0.8000000119 3.4000000954 0.377082
0.9000000358 3.4000000954 0.2635
1 3.4000000954 0.169339
1.1000000238 3.4000000954 0.0500367
1.2000000477 3.4000000954 -0.0543108
1.3000000715 3.4000000954 -0.111263
1.3999999762 3.4000000954 -0.134061
1.5 3.4000000954 -0.13569
1.6000000238 3.4000000954 -0.123286
1.7000000477 3.4000000954 -0.0916017
1.8000000715 3.4000000954 -0.0269512
1.8999999762 3.4000000954 -0.0104176
2 3.4000000954 -0.00271691
2.1000001431 3.4000000954 -0.0259862
2.2000000477 3.4000000954 -0.0290936
2.2999999523 3.4000000954 -0.0255218
2.4000000954 3.4000000954 -0.0166589
2.5 3.4000000954 0.0305834
2.6000001431 3.4000000954 0.0754012
2.7000000477 3.4000000954 0.145286
2.7999999523 3.4000000954 0.204302
2.9000000954 3.4000000954 0.245695
3 3.4000000954 0.302511
3.1000001431 3.4000000954 0.347434
3.2000000477 3.4000000954 0.378054
3.2999999523 3.4000000954 0.38311
3.4000000954 3.4000000954 0.347681
3.5 3.4000000954 0.312902
3.6000001431 3.4000000954 0.260184
3.7000000477 3.4000000954 0.183327
3.7999999523 3.4000000954 0.100901
3.9000000954 3.4000000954 0.0285993
0 3.5 0.179393
0.1000000015 3.5 0.317971
0.200000003 3.5 0.45874
0.3000000119 3.5 0.559544
0.400000006 3.5 0.640965
0.5 3.5 0.629456
0.6000000238 3.5 0.586074
0.6999999881 3.5 0.503254
0.8000000119 3.5 0.395741
0.9000000358 3.5 0.27269
1 3.5 0.174077
1.1000000238 3.5 0.0499068
1.2000000477 3.5 -0.0440662
1.3000000715 3.5 -0.101961
1.3999999762 3.5 -0.132345
1.5 3.5 -0.130079
1.6000000238 3.5 -0.0948489
1.7000000477 3.5 -0.0451461
1.8000000715 3.5 0.0141778
1.8999999762 3.5 0.0542583
2 3.5 0.0376813
2.1000001431 3.5 0.0272052
2.2000000477 3.5 0.00748375
2.2999999523 3.5 0.0105748
2.4000000954 3.5 0.0143031
2.5 3.5 0.0663508
2.6000001431 3.5 0.131877
2.7000000477 3.5 0.201441
2.7999999523 3.5 0.261878
2.9000000954 3.5 0.310389
3 3.5 0.363047
3.1000001431 3.5 0.401408
3.2000000477 3.5 0.420664
3.2999999523 3.5 0.400373
3.4000000954 3.5 0.346561
3.5 3.5 0.321809
3.6000001431 3.5 0.25605
3.7000000477 3.5 0.165069
3.7999999523 3.5 0.0922966
3.9000000954 3.5 0.0134044
0 3.6000001431 0.221369
0.1000000015 3.6000001431 0.366347
0.200000003 3.6000001431 0.505855
0.3000000119 3.6000001431 0.613665
0.400000006 3.6000001431 0.666716
0.5 3.6000001431 0.663599
0.6000000238 3.6000001431 0.609433
0.6999999881 3.6000001431 0.51511
0.8000000119 3.6000001431 0.396687
0.9000000358 3.6000001431 0.267962
1 3.6000001431 0.149678
1.1000000238 3.6000001431 0.0439222
1.2000000477 3.6000001431 -0.0481422
1.3000000715 3.6000001431 -0.0897164
1.3999999762 3.6000001431 -0.104415
1.5 3.6000001431 -0.0809785
1.6000000238 3.6000001431 -0.0575495
1.7000000477 3.6000001431 -0.00148126
1.8000000715 3.6000001431 0.0590716
1.8999999762 3.6000001431 0.108278
2 3.6000001431 0.104144
2.1000001431 3.6000001431 0.0796361
2.2000000477 3.6000001431 0.0456966
2.2999999523 3.6000001431 0.0416896
2.4000000954 3.6000001431 0.0543147
2.5 3.6000001431 0.102559
2.6000001431 3.6000001431 0.185147
2.7000000477 3.6000001431 0.243668
2.7999999523 3.6000001431 0.304982
2.9000000954 3.6000001431 0.368583
3 3.6000001431 0.41956
3.1000001431 3.6000001431 0.43685
3.2000000477 3.6000001431 0.450945
3.2999999523 3.6000001431 0.41694
3.4000000954 3.6000001431 0.364376
3.5 3.6000001431 0.321215
3.6000001431 3.6000001431 0.243957
3.7000000477 3.6000001431 0.153995
3.7999999523 3.6000001431 0.0669088
3.9000000954 3.6000001431 0.00700448
0 3.7000000477 0.244873
0.1000000015 3.7000000477 0.398642
0.200000003 3.7000000477 0.536675
0.3000000119 3.7000000477 0.646313
0.400000006 3.7000000477 0.678531
0.5 3.7000000477 0.663048
0.6000000238 3.7000000477 0.599799
0.6999999881 3.7000000477 0.514606
0.8000000119 3.7000000477 0.382122
0.9000000358 3.7000000477 0.255697
1 3.7000000477 0.135497
1.1000000238 3.7000000477 0.0294281
1.2000000477 3.7000000477 -0.0433477
1.3000000715 3.7000000477 -0.0768534
1.3999999762 3.7000000477 -0.0859461
1.5 3.7000000477 -0.0464272
1.6000000238 3.7000000477 0.0105794
1.7000000477 3.7000000477 0.0602295
1.8000000715 3.7000000477 0.109603
1.8999999762 3.7000000477 0.151788
2 3.7000000477 0.157971
2.1000001431 3.7000000477 0.130042
2.2000000477 3.7000000477 0.0936532
2.2999999523 3.7000000477 0.0883808
2.4000000954 3.7000000477 0.0880507
2.5 3.7000000477 0.167751
2.6000001431 3.7000000477 0.231449
2.7000000477 3.7000000477 0.295825
2.7999999523 3.7000000477 0.372252
2.9000000954 3.7000000477 0.433248
3 3.7000000477 0.474134
3.1000001431 3.7000000477 0.492658
3.2000000477 3.7000000477 0.475207
3.2999999523 3.7000000477 0.430039
3.4000000954 3.7000000477 0.378264
3.5 3.7000000477 0.315562
3.6000001431 3.7000000477 0.220799
3.7000000477 3.7000000477 0.137454
3.7999999523 3.7000000477 0.0576856
3.9000000954 3.7000000477 -0.00340954
0 3.7999999523 0.292534
0.1000000015 3.7999999523 0.419338
0.200000003 3.7999999523 0.558536
0.3000000119 3.7999999523 0.641531
0.400000006 3.7999999523 0.68323
0.5 3.7999999523 0.663472
0.6000000238 3.7999999523 0.591362
0.6999999881 3.7999999523 0.491816
0.8000000119 3.7999999523 0.369744
0.9000000358 3.7999999523 0.229463
1 3.7999999523 0.113478
1.1000000238 3.7999999523 0.0174942
1.2000000477 3.7999999523 -0.0552467
1.3000000715 3.7999999523 -0.0755489
1.3999999762 3.7999999523 -0.0518177
1.5 3.7999999523 -0.00860908
1.6000000238 3.7999999523 0.0448118
1.7000000477 3.7999999523 0.104998
1.8000000715 3.7999999523 0.161181
1.8999999762 3.7999999523 0.196822
2 3.7999999523 0.197775
2.1000001431 3.7999999523 0.170005
2.2000000477 3.7999999523 0.139993
2.2999999523 3.7999999523 0.142995
2.4000000954 3.7999999523 0.165503
2.5 3.7999999523 0.224486
2.6000001431 3.7999999523 0.304136
2.7000000477 3.7999999523 0.370463
2.7999999523 3.7999999523 0.440126
2.9000000954 3.7999999523 0.494672
3 3.7999999523 0.537852
3.1000001431 3.7999999523 0.532542
3.2000000477 3.7999999523 0.502219
3.2999999523 3.7999999523 0.457393
3.4000000954 3.7999999523 0.393387
3.5 3.7999999523 0.30547
3.6000001431 3.7999999523 0.218802
3.7000000477 3.7999999523 0.123254
3.7999999523 3.7999999523 0.0436373
3.9000000954 3.7999999523 -0.027966
0 3.9000000954 0.295215
0.1000000015 3.9000000954 0.4277
0.200000003 3.9000000954 0.550601
0.3000000119 3.9000000954 0.645789
0.400000006 3.9000000954 0.666183
0.5 3.9000000954 0.65461
0.6000000238 3.9000000954 0.593494
0.6999999881 3.9000000954 0.484044
0.8000000119 3.9000000954 0.327446
0.9000000358 3.9000000954 0.201004
1 3.9000000954 0.0745474
1.1000000238 3.9000000954 -0.0167599
1.2000000477 3.9000000954 -0.0669539
1.3000000715 3.9000000954 -0.055461
1.3999999762 3.9000000954 -0.0216925
1.5 3.9000000954 0.0400139
1.6000000238 3.9000000954 0.0900698
1.7000000477 3.9000000954 0.156615
1.8000000715 3.9000000954 0.205827
1.8999999762 3.9000000954 0.245199
2 3.9000000954 0.226725
2.1000001431 3.9000000954 0.20157
2.2000000477 3.9000000954 0.181069
2.2999999523 3.9000000954 0.172333
2.4000000954 3.9000000954 0.211816
2.5 3.9000000954 0.267599
2.6000001431 3.9000000954 0.35145
2.7000000477 3.9000000954 0.423056
2.7999999523 3.9000000954 0.492305
2.9000000954 3.9000000954 0.559217
3 3.9000000954 0.564928
3.1000001431 3.9000000954 0.573096
3.2000000477 3.9000000954 0.542387
3.2999999523 3.9000000954 0.487667
3.4000000954 3.9000000954 0.415441
3.5 3.9000000954 0.333349
3.6000001431 3.9000000954 0.213462
3.7000000477 3.9000000954 0.123187
3.7999999523 3.9000000954 0.0367773
3.9000000954 3.9000000954 -0.0271097
