0.0 0.0
0.10000000149 0.0
0.20000000298 0.0
0.300000011921 0.0
0.40000000596 0.0
0.5 0.0
0.600000023842 0.0
0.699999988079 0.0
0.800000011921 0.0
0.900000035763 0.0
1.0 0.0
1.10000002384 0.0
1.20000004768 0.0
1.30000007153 0.0
1.39999997616 0.0
1.5 0.0
1.60000002384 0.0
1.70000004768 0.0
1.80000007153 0.0
1.89999997616 0.0
2.0 0.0
2.10000014305 0.0
2.20000004768 0.0
2.29999995232 0.0
2.40000009537 0.0
2.5 0.0
2.60000014305 0.0
2.70000004768 0.0
2.79999995232 0.0
2.90000009537 0.0
3.0 0.0
3.10000014305 0.0
3.20000004768 0.0
3.29999995232 0.0
3.40000009537 0.0
3.5 0.0
3.60000014305 0.0
3.70000004768 0.0
3.79999995232 0.0
3.90000009537 0.0
0.0 0.10000000149
0.10000000149 0.10000000149
0.20000000298 0.10000000149
0.300000011921 0.10000000149
0.40000000596 0.10000000149
0.5 0.10000000149
0.600000023842 0.10000000149
0.699999988079 0.10000000149
0.800000011921 0.10000000149
0.900000035763 0.10000000149
1.0 0.10000000149
1.10000002384 0.10000000149
1.20000004768 0.10000000149
1.30000007153 0.10000000149
1.39999997616 0.10000000149
1.5 0.10000000149
1.60000002384 0.10000000149
1.70000004768 0.10000000149
1.80000007153 0.10000000149
1.89999997616 0.10000000149
2.0 0.10000000149
2.10000014305 0.10000000149
2.20000004768 0.10000000149
2.29999995232 0.10000000149
2.40000009537 0.10000000149
2.5 0.10000000149
2.60000014305 0.10000000149
2.70000004768 0.10000000149
2.79999995232 0.10000000149
2.90000009537 0.10000000149
3.0 0.10000000149
3.10000014305 0.10000000149
3.20000004768 0.10000000149
3.29999995232 0.10000000149
3.40000009537 0.10000000149
3.5 0.10000000149
3.60000014305 0.10000000149
3.70000004768 0.10000000149
3.79999995232 0.10000000149
3.90000009537 0.10000000149
0.0 0.20000000298
0.10000000149 0.20000000298
0.20000000298 0.20000000298
0.300000011921 0.20000000298
0.40000000596 0.20000000298
0.5 0.20000000298
0.600000023842 0.20000000298
0.699999988079 0.20000000298
0.800000011921 0.20000000298
0.900000035763 0.20000000298
1.0 0.20000000298
1.10000002384 0.20000000298
1.20000004768 0.20000000298
1.30000007153 0.20000000298
1.39999997616 0.20000000298
1.5 0.20000000298
1.60000002384 0.20000000298
1.70000004768 0.20000000298
1.80000007153 0.20000000298
1.89999997616 0.20000000298
2.0 0.20000000298
2.10000014305 0.20000000298
2.20000004768 0.20000000298
2.29999995232 0.20000000298
2.40000009537 0.20000000298
2.5 0.20000000298
2.60000014305 0.20000000298
2.70000004768 0.20000000298
2.79999995232 0.20000000298
2.90000009537 0.20000000298
3.0 0.20000000298
3.10000014305 0.20000000298
3.20000004768 0.20000000298
3.29999995232 0.20000000298
3.40000009537 0.20000000298
3.5 0.20000000298
3.60000014305 0.20000000298
3.70000004768 0.20000000298
3.79999995232 0.20000000298
3.90000009537 0.20000000298
0.0 0.300000011921
0.10000000149 0.300000011921
0.20000000298 0.300000011921
0.300000011921 0.300000011921
0.40000000596 0.300000011921
0.5 0.300000011921
0.600000023842 0.300000011921
0.699999988079 0.300000011921
0.800000011921 0.300000011921
0.900000035763 0.300000011921
1.0 0.300000011921
1.10000002384 0.300000011921
1.20000004768 0.300000011921
1.30000007153 0.300000011921
1.39999997616 0.300000011921
1.5 0.300000011921
1.60000002384 0.300000011921
1.70000004768 0.300000011921
1.80000007153 0.300000011921
1.89999997616 0.300000011921
2.0 0.300000011921
2.10000014305 0.300000011921
2.20000004768 0.300000011921
2.29999995232 0.300000011921
2.40000009537 0.300000011921
2.5 0.300000011921
2.60000014305 0.300000011921
2.70000004768 0.300000011921
2.79999995232 0.300000011921
2.90000009537 0.300000011921
3.0 0.300000011921
3.10000014305 0.300000011921
3.20000004768 0.300000011921
3.29999995232 0.300000011921
3.40000009537 0.300000011921
3.5 0.300000011921
3.60000014305 0.300000011921
3.70000004768 0.300000011921
3.79999995232 0.300000011921
3.90000009537 0.300000011921
0.0 0.40000000596
0.10000000149 0.40000000596
0.20000000298 0.40000000596
0.300000011921 0.40000000596
0.40000000596 0.40000000596
0.5 0.40000000596
0.600000023842 0.40000000596
0.699999988079 0.40000000596
0.800000011921 0.40000000596
0.900000035763 0.40000000596
1.0 0.40000000596
1.10000002384 0.40000000596
1.20000004768 0.40000000596
1.30000007153 0.40000000596
1.39999997616 0.40000000596
1.5 0.40000000596
1.60000002384 0.40000000596
1.70000004768 0.40000000596
1.80000007153 0.40000000596
1.89999997616 0.40000000596
2.0 0.40000000596
2.10000014305 0.40000000596
2.20000004768 0.40000000596
2.29999995232 0.40000000596
2.40000009537 0.40000000596
2.5 0.40000000596
2.60000014305 0.40000000596
2.70000004768 0.40000000596
2.79999995232 0.40000000596
2.90000009537 0.40000000596
3.0 0.40000000596
3.10000014305 0.40000000596
3.20000004768 0.40000000596
3.29999995232 0.40000000596
3.40000009537 0.40000000596
3.5 0.40000000596
3.60000014305 0.40000000596
3.70000004768 0.40000000596
3.79999995232 0.40000000596
3.90000009537 0.40000000596
0.0 0.5
0.10000000149 0.5
0.20000000298 0.5
0.300000011921 0.5
0.40000000596 0.5
0.5 0.5
0.600000023842 0.5
0.699999988079 0.5
0.800000011921 0.5
0.900000035763 0.5
1.0 0.5
1.10000002384 0.5
1.20000004768 0.5
1.30000007153 0.5
1.39999997616 0.5
1.5 0.5
1.60000002384 0.5
1.70000004768 0.5
1.80000007153 0.5
1.89999997616 0.5
2.0 0.5
2.10000014305 0.5
2.20000004768 0.5
2.29999995232 0.5
2.40000009537 0.5
2.5 0.5
2.60000014305 0.5
2.70000004768 0.5
2.79999995232 0.5
2.90000009537 0.5
3.0 0.5
3.10000014305 0.5
3.20000004768 0.5
3.29999995232 0.5
3.40000009537 0.5
3.5 0.5
3.60000014305 0.5
3.70000004768 0.5
3.79999995232 0.5
3.90000009537 0.5
0.0 0.600000023842
0.10000000149 0.600000023842
0.20000000298 0.600000023842
0.300000011921 0.600000023842
0.40000000596 0.600000023842
0.5 0.600000023842
0.600000023842 0.600000023842
0.699999988079 0.600000023842
0.800000011921 0.600000023842
0.900000035763 0.600000023842
1.0 0.600000023842
1.10000002384 0.600000023842
1.20000004768 0.600000023842
1.30000007153 0.600000023842
1.39999997616 0.600000023842
1.5 0.600000023842
1.60000002384 0.600000023842
1.70000004768 0.600000023842
1.80000007153 0.600000023842
1.89999997616 0.600000023842
2.0 0.600000023842
2.10000014305 0.600000023842
2.20000004768 0.600000023842
2.29999995232 0.600000023842
2.40000009537 0.600000023842
2.5 0.600000023842
2.60000014305 0.600000023842
2.70000004768 0.600000023842
2.79999995232 0.600000023842
2.90000009537 0.600000023842
3.0 0.600000023842
3.10000014305 0.600000023842
3.20000004768 0.600000023842
3.29999995232 0.600000023842
3.40000009537 0.600000023842
3.5 0.600000023842
3.60000014305 0.600000023842
3.70000004768 0.600000023842
3.79999995232 0.600000023842
3.90000009537 0.600000023842
0.0 0.699999988079
0.10000000149 0.699999988079
0.20000000298 0.699999988079
0.300000011921 0.699999988079
0.40000000596 0.699999988079
0.5 0.699999988079
0.600000023842 0.699999988079
0.699999988079 0.699999988079
0.800000011921 0.699999988079
0.900000035763 0.699999988079
1.0 0.699999988079
1.10000002384 0.699999988079
1.20000004768 0.699999988079
1.30000007153 0.699999988079
1.39999997616 0.699999988079
1.5 0.699999988079
1.60000002384 0.699999988079
1.70000004768 0.699999988079
1.80000007153 0.699999988079
1.89999997616 0.699999988079
2.0 0.699999988079
2.10000014305 0.699999988079
2.20000004768 0.699999988079
2.29999995232 0.699999988079
2.40000009537 0.699999988079
2.5 0.699999988079
2.60000014305 0.699999988079
2.70000004768 0.699999988079
2.79999995232 0.699999988079
2.90000009537 0.699999988079
3.0 0.699999988079
3.10000014305 0.699999988079
3.20000004768 0.699999988079
3.29999995232 0.699999988079
3.40000009537 0.699999988079
3.5 0.699999988079
3.60000014305 0.699999988079
3.70000004768 0.699999988079
3.79999995232 0.699999988079
3.90000009537 0.699999988079
0.0 0.800000011921
0.10000000149 0.800000011921
0.20000000298 0.800000011921
0.300000011921 0.800000011921
0.40000000596 0.800000011921
0.5 0.800000011921
0.600000023842 0.800000011921
0.699999988079 0.800000011921
0.800000011921 0.800000011921
0.900000035763 0.800000011921
1.0 0.800000011921
1.10000002384 0.800000011921
1.20000004768 0.800000011921
1.30000007153 0.800000011921
1.39999997616 0.800000011921
1.5 0.800000011921
1.60000002384 0.800000011921
1.70000004768 0.800000011921
1.80000007153 0.800000011921
1.89999997616 0.800000011921
2.0 0.800000011921
2.10000014305 0.800000011921
2.20000004768 0.800000011921
2.29999995232 0.800000011921
2.40000009537 0.800000011921
2.5 0.800000011921
2.60000014305 0.800000011921
2.70000004768 0.800000011921
2.79999995232 0.800000011921
2.90000009537 0.800000011921
3.0 0.800000011921
3.10000014305 0.800000011921
3.20000004768 0.800000011921
3.29999995232 0.800000011921
3.40000009537 0.800000011921
3.5 0.800000011921
3.60000014305 0.800000011921
3.70000004768 0.800000011921
3.79999995232 0.800000011921
3.90000009537 0.800000011921
0.0 0.900000035763
0.10000000149 0.900000035763
0.20000000298 0.900000035763
0.300000011921 0.900000035763
0.40000000596 0.900000035763
0.5 0.900000035763
0.600000023842 0.900000035763
0.699999988079 0.900000035763
0.800000011921 0.900000035763
0.900000035763 0.900000035763
1.0 0.900000035763
1.10000002384 0.900000035763
1.20000004768 0.900000035763
1.30000007153 0.900000035763
1.39999997616 0.900000035763
1.5 0.900000035763
1.60000002384 0.900000035763
1.70000004768 0.900000035763
1.80000007153 0.900000035763
1.89999997616 0.900000035763
2.0 0.900000035763
2.10000014305 0.900000035763
2.20000004768 0.900000035763
2.29999995232 0.900000035763
2.40000009537 0.900000035763
2.5 0.900000035763
2.60000014305 0.900000035763
2.70000004768 0.900000035763
2.79999995232 0.900000035763
2.90000009537 0.900000035763
3.0 0.900000035763
3.10000014305 0.900000035763
3.20000004768 0.900000035763
3.29999995232 0.900000035763
3.40000009537 0.900000035763
3.5 0.900000035763
3.60000014305 0.900000035763
3.70000004768 0.900000035763
3.79999995232 0.900000035763
3.90000009537 0.900000035763
0.0 1.0
0.10000000149 1.0
0.20000000298 1.0
0.300000011921 1.0
0.40000000596 1.0
0.5 1.0
0.600000023842 1.0
0.699999988079 1.0
0.800000011921 1.0
0.900000035763 1.0
1.0 1.0
1.10000002384 1.0
1.20000004768 1.0
1.30000007153 1.0
1.39999997616 1.0
1.5 1.0
1.60000002384 1.0
1.70000004768 1.0
1.80000007153 1.0
1.89999997616 1.0
2.0 1.0
2.10000014305 1.0
2.20000004768 1.0
2.29999995232 1.0
2.40000009537 1.0
2.5 1.0
2.60000014305 1.0
2.70000004768 1.0
2.79999995232 1.0
2.90000009537 1.0
3.0 1.0
3.10000014305 1.0
3.20000004768 1.0
3.29999995232 1.0
3.40000009537 1.0
3.5 1.0
3.60000014305 1.0
3.70000004768 1.0
3.79999995232 1.0
3.90000009537 1.0
0.0 1.10000002384
0.10000000149 1.10000002384
0.20000000298 1.10000002384
0.300000011921 1.10000002384
0.40000000596 1.10000002384
0.5 1.10000002384
0.600000023842 1.10000002384
0.699999988079 1.10000002384
0.800000011921 1.10000002384
0.900000035763 1.10000002384
1.0 1.10000002384
1.10000002384 1.10000002384
1.20000004768 1.10000002384
1.30000007153 1.10000002384
1.39999997616 1.10000002384
1.5 1.10000002384
1.60000002384 1.10000002384
1.70000004768 1.10000002384
1.80000007153 1.10000002384
1.89999997616 1.10000002384
2.0 1.10000002384
2.10000014305 1.10000002384
2.20000004768 1.10000002384
2.29999995232 1.10000002384
2.40000009537 1.10000002384
2.5 1.10000002384
2.60000014305 1.10000002384
2.70000004768 1.10000002384
2.79999995232 1.10000002384
2.90000009537 1.10000002384
3.0 1.10000002384
3.10000014305 1.10000002384
3.20000004768 1.10000002384
3.29999995232 1.10000002384
3.40000009537 1.10000002384
3.5 1.10000002384
3.60000014305 1.10000002384
3.70000004768 1.10000002384
3.79999995232 1.10000002384
3.90000009537 1.10000002384
0.0 1.20000004768
0.10000000149 1.20000004768
0.20000000298 1.20000004768
0.300000011921 1.20000004768
0.40000000596 1.20000004768
0.5 1.20000004768
0.600000023842 1.20000004768
0.699999988079 1.20000004768
0.800000011921 1.20000004768
0.900000035763 1.20000004768
1.0 1.20000004768
1.10000002384 1.20000004768
1.20000004768 1.20000004768
1.30000007153 1.20000004768
1.39999997616 1.20000004768
1.5 1.20000004768
1.60000002384 1.20000004768
1.70000004768 1.20000004768
1.80000007153 1.20000004768
1.89999997616 1.20000004768
2.0 1.20000004768
2.10000014305 1.20000004768
2.20000004768 1.20000004768
2.29999995232 1.20000004768
2.40000009537 1.20000004768
2.5 1.20000004768
2.60000014305 1.20000004768
2.70000004768 1.20000004768
2.79999995232 1.20000004768
2.90000009537 1.20000004768
3.0 1.20000004768
3.10000014305 1.20000004768
3.20000004768 1.20000004768
3.29999995232 1.20000004768
3.40000009537 1.20000004768
3.5 1.20000004768
3.60000014305 1.20000004768
3.70000004768 1.20000004768
3.79999995232 1.20000004768
3.90000009537 1.20000004768
0.0 1.30000007153
0.10000000149 1.30000007153
0.20000000298 1.30000007153
0.300000011921 1.30000007153
0.40000000596 1.30000007153
0.5 1.30000007153
0.600000023842 1.30000007153
0.699999988079 1.30000007153
0.800000011921 1.30000007153
0.900000035763 1.30000007153
1.0 1.30000007153
1.10000002384 1.30000007153
1.20000004768 1.30000007153
1.30000007153 1.30000007153
1.39999997616 1.30000007153
1.5 1.30000007153
1.60000002384 1.30000007153
1.70000004768 1.30000007153
1.80000007153 1.30000007153
1.89999997616 1.30000007153
2.0 1.30000007153
2.10000014305 1.30000007153
2.20000004768 1.30000007153
2.29999995232 1.30000007153
2.40000009537 1.30000007153
2.5 1.30000007153
2.60000014305 1.30000007153
2.70000004768 1.30000007153
2.79999995232 1.30000007153
2.90000009537 1.30000007153
3.0 1.30000007153
3.10000014305 1.30000007153
3.20000004768 1.30000007153
3.29999995232 1.30000007153
3.40000009537 1.30000007153
3.5 1.30000007153
3.60000014305 1.30000007153
3.70000004768 1.30000007153
3.79999995232 1.30000007153
3.90000009537 1.30000007153
0.0 1.39999997616
0.10000000149 1.39999997616
0.20000000298 1.39999997616
0.300000011921 1.39999997616
0.40000000596 1.39999997616
0.5 1.39999997616
0.600000023842 1.39999997616
0.699999988079 1.39999997616
0.800000011921 1.39999997616
0.900000035763 1.39999997616
1.0 1.39999997616
1.10000002384 1.39999997616
1.20000004768 1.39999997616
1.30000007153 1.39999997616
1.39999997616 1.39999997616
1.5 1.39999997616
1.60000002384 1.39999997616
1.70000004768 1.39999997616
1.80000007153 1.39999997616
1.89999997616 1.39999997616
2.0 1.39999997616
2.10000014305 1.39999997616
2.20000004768 1.39999997616
2.29999995232 1.39999997616
2.40000009537 1.39999997616
2.5 1.39999997616
2.60000014305 1.39999997616
2.70000004768 1.39999997616
2.79999995232 1.39999997616
2.90000009537 1.39999997616
3.0 1.39999997616
3.10000014305 1.39999997616
3.20000004768 1.39999997616
3.29999995232 1.39999997616
3.40000009537 1.39999997616
3.5 1.39999997616
3.60000014305 1.39999997616
3.70000004768 1.39999997616
3.79999995232 1.39999997616
3.90000009537 1.39999997616
0.0 1.5
0.10000000149 1.5
0.20000000298 1.5
0.300000011921 1.5
0.40000000596 1.5
0.5 1.5
0.600000023842 1.5
0.699999988079 1.5
0.800000011921 1.5
0.900000035763 1.5
1.0 1.5
1.10000002384 1.5
1.20000004768 1.5
1.30000007153 1.5
1.39999997616 1.5
1.5 1.5
1.60000002384 1.5
1.70000004768 1.5
1.80000007153 1.5
1.89999997616 1.5
2.0 1.5
2.10000014305 1.5
2.20000004768 1.5
2.29999995232 1.5
2.40000009537 1.5
2.5 1.5
2.60000014305 1.5
2.70000004768 1.5
2.79999995232 1.5
2.90000009537 1.5
3.0 1.5
3.10000014305 1.5
3.20000004768 1.5
3.29999995232 1.5
3.40000009537 1.5
3.5 1.5
3.60000014305 1.5
3.70000004768 1.5
3.79999995232 1.5
3.90000009537 1.5
0.0 1.60000002384
0.10000000149 1.60000002384
0.20000000298 1.60000002384
0.300000011921 1.60000002384
0.40000000596 1.60000002384
0.5 1.60000002384
0.600000023842 1.60000002384
0.699999988079 1.60000002384
0.800000011921 1.60000002384
0.900000035763 1.60000002384
1.0 1.60000002384
1.10000002384 1.60000002384
1.20000004768 1.60000002384
1.30000007153 1.60000002384
1.39999997616 1.60000002384
1.5 1.60000002384
1.60000002384 1.60000002384
1.70000004768 1.60000002384
1.80000007153 1.60000002384
1.89999997616 1.60000002384
2.0 1.60000002384
2.10000014305 1.60000002384
2.20000004768 1.60000002384
2.29999995232 1.60000002384
2.40000009537 1.60000002384
2.5 1.60000002384
2.60000014305 1.60000002384
2.70000004768 1.60000002384
2.79999995232 1.60000002384
2.90000009537 1.60000002384
3.0 1.60000002384
3.10000014305 1.60000002384
3.20000004768 1.60000002384
3.29999995232 1.60000002384
3.40000009537 1.60000002384
3.5 1.60000002384
3.60000014305 1.60000002384
3.70000004768 1.60000002384
3.79999995232 1.60000002384
3.90000009537 1.60000002384
0.0 1.70000004768
0.10000000149 1.70000004768
0.20000000298 1.70000004768
0.300000011921 1.70000004768
0.40000000596 1.70000004768
0.5 1.70000004768
0.600000023842 1.70000004768
0.699999988079 1.70000004768
0.800000011921 1.70000004768
0.900000035763 1.70000004768
1.0 1.70000004768
1.10000002384 1.70000004768
1.20000004768 1.70000004768
1.30000007153 1.70000004768
1.39999997616 1.70000004768
1.5 1.70000004768
1.60000002384 1.70000004768
1.70000004768 1.70000004768
1.80000007153 1.70000004768
1.89999997616 1.70000004768
2.0 1.70000004768
2.10000014305 1.70000004768
2.20000004768 1.70000004768
2.29999995232 1.70000004768
2.40000009537 1.70000004768
2.5 1.70000004768
2.60000014305 1.70000004768
2.70000004768 1.70000004768
2.79999995232 1.70000004768
2.90000009537 1.70000004768
3.0 1.70000004768
3.10000014305 1.70000004768
3.20000004768 1.70000004768
3.29999995232 1.70000004768
3.40000009537 1.70000004768
3.5 1.70000004768
3.60000014305 1.70000004768
3.70000004768 1.70000004768
3.79999995232 1.70000004768
3.90000009537 1.70000004768
0.0 1.80000007153
0.10000000149 1.80000007153
0.20000000298 1.80000007153
0.300000011921 1.80000007153
0.40000000596 1.80000007153
0.5 1.80000007153
0.600000023842 1.80000007153
0.699999988079 1.80000007153
0.800000011921 1.80000007153
0.900000035763 1.80000007153
1.0 1.80000007153
1.10000002384 1.80000007153
1.20000004768 1.80000007153
1.30000007153 1.80000007153
1.39999997616 1.80000007153
1.5 1.80000007153
1.60000002384 1.80000007153
1.70000004768 1.80000007153
1.80000007153 1.80000007153
1.89999997616 1.80000007153
2.0 1.80000007153
2.10000014305 1.80000007153
2.20000004768 1.80000007153
2.29999995232 1.80000007153
2.40000009537 1.80000007153
2.5 1.80000007153
2.60000014305 1.80000007153
2.70000004768 1.80000007153
2.79999995232 1.80000007153
2.90000009537 1.80000007153
3.0 1.80000007153
3.10000014305 1.80000007153
3.20000004768 1.80000007153
3.29999995232 1.80000007153
3.40000009537 1.80000007153
3.5 1.80000007153
3.60000014305 1.80000007153
3.70000004768 1.80000007153
3.79999995232 1.80000007153
3.90000009537 1.80000007153
0.0 1.89999997616
0.10000000149 1.89999997616
0.20000000298 1.89999997616
0.300000011921 1.89999997616
0.40000000596 1.89999997616
0.5 1.89999997616
0.600000023842 1.89999997616
0.699999988079 1.89999997616
0.800000011921 1.89999997616
0.900000035763 1.89999997616
1.0 1.89999997616
1.10000002384 1.89999997616
1.20000004768 1.89999997616
1.30000007153 1.89999997616
1.39999997616 1.89999997616
1.5 1.89999997616
1.60000002384 1.89999997616
1.70000004768 1.89999997616
1.80000007153 1.89999997616
1.89999997616 1.89999997616
2.0 1.89999997616
2.10000014305 1.89999997616
2.20000004768 1.89999997616
2.29999995232 1.89999997616
2.40000009537 1.89999997616
2.5 1.89999997616
2.60000014305 1.89999997616
2.70000004768 1.89999997616
2.79999995232 1.89999997616
2.90000009537 1.89999997616
3.0 1.89999997616
3.10000014305 1.89999997616
3.20000004768 1.89999997616
3.29999995232 1.89999997616
3.40000009537 1.89999997616
3.5 1.89999997616
3.60000014305 1.89999997616
3.70000004768 1.89999997616
3.79999995232 1.89999997616
3.90000009537 1.89999997616
0.0 2.0
0.10000000149 2.0
0.20000000298 2.0
0.300000011921 2.0
0.40000000596 2.0
0.5 2.0
0.600000023842 2.0
0.699999988079 2.0
0.800000011921 2.0
0.900000035763 2.0
1.0 2.0
1.10000002384 2.0
1.20000004768 2.0
1.30000007153 2.0
1.39999997616 2.0
1.5 2.0
1.60000002384 2.0
1.70000004768 2.0
1.80000007153 2.0
1.89999997616 2.0
2.0 2.0
2.10000014305 2.0
2.20000004768 2.0
2.29999995232 2.0
2.40000009537 2.0
2.5 2.0
2.60000014305 2.0
2.70000004768 2.0
2.79999995232 2.0
2.90000009537 2.0
3.0 2.0
3.10000014305 2.0
3.20000004768 2.0
3.29999995232 2.0
3.40000009537 2.0
3.5 2.0
3.60000014305 2.0
3.70000004768 2.0
3.79999995232 2.0
3.90000009537 2.0
0.0 2.10000014305
0.10000000149 2.10000014305
0.20000000298 2.10000014305
0.300000011921 2.10000014305
0.40000000596 2.10000014305
0.5 2.10000014305
0.600000023842 2.10000014305
0.699999988079 2.10000014305
0.800000011921 2.10000014305
0.900000035763 2.10000014305
1.0 2.10000014305
1.10000002384 2.10000014305
1.20000004768 2.10000014305
1.30000007153 2.10000014305
1.39999997616 2.10000014305
1.5 2.10000014305
1.60000002384 2.10000014305
1.70000004768 2.10000014305
1.80000007153 2.10000014305
1.89999997616 2.10000014305
2.0 2.10000014305
2.10000014305 2.10000014305
2.20000004768 2.10000014305
2.29999995232 2.10000014305
2.40000009537 2.10000014305
2.5 2.10000014305
2.60000014305 2.10000014305
2.70000004768 2.10000014305
2.79999995232 2.10000014305
2.90000009537 2.10000014305
3.0 2.10000014305
3.10000014305 2.10000014305
3.20000004768 2.10000014305
3.29999995232 2.10000014305
3.40000009537 2.10000014305
3.5 2.10000014305
3.60000014305 2.10000014305
3.70000004768 2.10000014305
3.79999995232 2.10000014305
3.90000009537 2.10000014305
0.0 2.20000004768
0.10000000149 2.20000004768
0.20000000298 2.20000004768
0.300000011921 2.20000004768
0.40000000596 2.20000004768
0.5 2.20000004768
0.600000023842 2.20000004768
0.699999988079 2.20000004768
0.800000011921 2.20000004768
0.900000035763 2.20000004768
1.0 2.20000004768
1.10000002384 2.20000004768
1.20000004768 2.20000004768
1.30000007153 2.20000004768
1.39999997616 2.20000004768
1.5 2.20000004768
1.60000002384 2.20000004768
1.70000004768 2.20000004768
1.80000007153 2.20000004768
1.89999997616 2.20000004768
2.0 2.20000004768
2.10000014305 2.20000004768
2.20000004768 2.20000004768
2.29999995232 2.20000004768
2.40000009537 2.20000004768
2.5 2.20000004768
2.60000014305 2.20000004768
2.70000004768 2.20000004768
2.79999995232 2.20000004768
2.90000009537 2.20000004768
3.0 2.20000004768
3.10000014305 2.20000004768
3.20000004768 2.20000004768
3.29999995232 2.20000004768
3.40000009537 2.20000004768
3.5 2.20000004768
3.60000014305 2.20000004768
3.70000004768 2.20000004768
3.79999995232 2.20000004768
3.90000009537 2.20000004768
0.0 2.29999995232
0.10000000149 2.29999995232
0.20000000298 2.29999995232
0.300000011921 2.29999995232
0.40000000596 2.29999995232
0.5 2.29999995232
0.600000023842 2.29999995232
0.699999988079 2.29999995232
0.800000011921 2.29999995232
0.900000035763 2.29999995232
1.0 2.29999995232
1.10000002384 2.29999995232
1.20000004768 2.29999995232
1.30000007153 2.29999995232
1.39999997616 2.29999995232
1.5 2.29999995232
1.60000002384 2.29999995232
1.70000004768 2.29999995232
1.80000007153 2.29999995232
1.89999997616 2.29999995232
2.0 2.29999995232
2.10000014305 2.29999995232
2.20000004768 2.29999995232
2.29999995232 2.29999995232
2.40000009537 2.29999995232
2.5 2.29999995232
2.60000014305 2.29999995232
2.70000004768 2.29999995232
2.79999995232 2.29999995232
2.90000009537 2.29999995232
3.0 2.29999995232
3.10000014305 2.29999995232
3.20000004768 2.29999995232
3.29999995232 2.29999995232
3.40000009537 2.29999995232
3.5 2.29999995232
3.60000014305 2.29999995232
3.70000004768 2.29999995232
3.79999995232 2.29999995232
3.90000009537 2.29999995232
0.0 2.40000009537
0.10000000149 2.40000009537
0.20000000298 2.40000009537
0.300000011921 2.40000009537
0.40000000596 2.40000009537
0.5 2.40000009537
0.600000023842 2.40000009537
0.699999988079 2.40000009537
0.800000011921 2.40000009537
0.900000035763 2.40000009537
1.0 2.40000009537
1.10000002384 2.40000009537
1.20000004768 2.40000009537
1.30000007153 2.40000009537
1.39999997616 2.40000009537
1.5 2.40000009537
1.60000002384 2.40000009537
1.70000004768 2.40000009537
1.80000007153 2.40000009537
1.89999997616 2.40000009537
2.0 2.40000009537
2.10000014305 2.40000009537
2.20000004768 2.40000009537
2.29999995232 2.40000009537
2.40000009537 2.40000009537
2.5 2.40000009537
2.60000014305 2.40000009537
2.70000004768 2.40000009537
2.79999995232 2.40000009537
2.90000009537 2.40000009537
3.0 2.40000009537
3.10000014305 2.40000009537
3.20000004768 2.40000009537
3.29999995232 2.40000009537
3.40000009537 2.40000009537
3.5 2.40000009537
3.60000014305 2.40000009537
3.70000004768 2.40000009537
3.79999995232 2.40000009537
3.90000009537 2.40000009537
0.0 2.5
0.10000000149 2.5
0.20000000298 2.5
0.300000011921 2.5
0.40000000596 2.5
0.5 2.5
0.600000023842 2.5
0.699999988079 2.5
0.800000011921 2.5
0.900000035763 2.5
1.0 2.5
1.10000002384 2.5
1.20000004768 2.5
1.30000007153 2.5
1.39999997616 2.5
1.5 2.5
1.60000002384 2.5
1.70000004768 2.5
1.80000007153 2.5
1.89999997616 2.5
2.0 2.5
2.10000014305 2.5
2.20000004768 2.5
2.29999995232 2.5
2.40000009537 2.5
2.5 2.5
2.60000014305 2.5
2.70000004768 2.5
2.79999995232 2.5
2.90000009537 2.5
3.0 2.5
3.10000014305 2.5
3.20000004768 2.5
3.29999995232 2.5
3.40000009537 2.5
3.5 2.5
3.60000014305 2.5
3.70000004768 2.5
3.79999995232 2.5
3.90000009537 2.5
0.0 2.60000014305
0.10000000149 2.60000014305
0.20000000298 2.60000014305
0.300000011921 2.60000014305
0.40000000596 2.60000014305
0.5 2.60000014305
0.600000023842 2.60000014305
0.699999988079 2.60000014305
0.800000011921 2.60000014305
0.900000035763 2.60000014305
1.0 2.60000014305
1.10000002384 2.60000014305
1.20000004768 2.60000014305
1.30000007153 2.60000014305
1.39999997616 2.60000014305
1.5 2.60000014305
1.60000002384 2.60000014305
1.70000004768 2.60000014305
1.80000007153 2.60000014305
1.89999997616 2.60000014305
2.0 2.60000014305
2.10000014305 2.60000014305
2.20000004768 2.60000014305
2.29999995232 2.60000014305
2.40000009537 2.60000014305
2.5 2.60000014305
2.60000014305 2.60000014305
2.70000004768 2.60000014305
2.79999995232 2.60000014305
2.90000009537 2.60000014305
3.0 2.60000014305
3.10000014305 2.60000014305
3.20000004768 2.60000014305
3.29999995232 2.60000014305
3.40000009537 2.60000014305
3.5 2.60000014305
3.60000014305 2.60000014305
3.70000004768 2.60000014305
3.79999995232 2.60000014305
3.90000009537 2.60000014305
0.0 2.70000004768
0.10000000149 2.70000004768
0.20000000298 2.70000004768
0.300000011921 2.70000004768
0.40000000596 2.70000004768
0.5 2.70000004768
0.600000023842 2.70000004768
0.699999988079 2.70000004768
0.800000011921 2.70000004768
0.900000035763 2.70000004768
1.0 2.70000004768
1.10000002384 2.70000004768
1.20000004768 2.70000004768
1.30000007153 2.70000004768
1.39999997616 2.70000004768
1.5 2.70000004768
1.60000002384 2.70000004768
1.70000004768 2.70000004768
1.80000007153 2.70000004768
1.89999997616 2.70000004768
2.0 2.70000004768
2.10000014305 2.70000004768
2.20000004768 2.70000004768
2.29999995232 2.70000004768
2.40000009537 2.70000004768
2.5 2.70000004768
2.60000014305 2.70000004768
2.70000004768 2.70000004768
2.79999995232 2.70000004768
2.90000009537 2.70000004768
3.0 2.70000004768
3.10000014305 2.70000004768
3.20000004768 2.70000004768
3.29999995232 2.70000004768
3.40000009537 2.70000004768
3.5 2.70000004768
3.60000014305 2.70000004768
3.70000004768 2.70000004768
3.79999995232 2.70000004768
3.90000009537 2.70000004768
0.0 2.79999995232
0.10000000149 2.79999995232
0.20000000298 2.79999995232
0.300000011921 2.79999995232
0.40000000596 2.79999995232
0.5 2.79999995232
0.600000023842 2.79999995232
0.699999988079 2.79999995232
0.800000011921 2.79999995232
0.900000035763 2.79999995232
1.0 2.79999995232
1.10000002384 2.79999995232
1.20000004768 2.79999995232
1.30000007153 2.79999995232
1.39999997616 2.79999995232
1.5 2.79999995232
1.60000002384 2.79999995232
1.70000004768 2.79999995232
1.80000007153 2.79999995232
1.89999997616 2.79999995232
2.0 2.79999995232
2.10000014305 2.79999995232
2.20000004768 2.79999995232
2.29999995232 2.79999995232
2.40000009537 2.79999995232
2.5 2.79999995232
2.60000014305 2.79999995232
2.70000004768 2.79999995232
2.79999995232 2.79999995232
2.90000009537 2.79999995232
3.0 2.79999995232
3.10000014305 2.79999995232
3.20000004768 2.79999995232
3.29999995232 2.79999995232
3.40000009537 2.79999995232
3.5 2.79999995232
3.60000014305 2.79999995232
3.70000004768 2.79999995232
3.79999995232 2.79999995232
3.90000009537 2.79999995232
0.0 2.90000009537
0.10000000149 2.90000009537
0.20000000298 2.90000009537
0.300000011921 2.90000009537
0.40000000596 2.90000009537
0.5 2.90000009537
0.600000023842 2.90000009537
0.699999988079 2.90000009537
0.800000011921 2.90000009537
0.900000035763 2.90000009537
1.0 2.90000009537
1.10000002384 2.90000009537
1.20000004768 2.90000009537
1.30000007153 2.90000009537
1.39999997616 2.90000009537
1.5 2.90000009537
1.60000002384 2.90000009537
1.70000004768 2.90000009537
1.80000007153 2.90000009537
1.89999997616 2.90000009537
2.0 2.90000009537
2.10000014305 2.90000009537
2.20000004768 2.90000009537
2.29999995232 2.90000009537
2.40000009537 2.90000009537
2.5 2.90000009537
2.60000014305 2.90000009537
2.70000004768 2.90000009537
2.79999995232 2.90000009537
2.90000009537 2.90000009537
3.0 2.90000009537
3.10000014305 2.90000009537
3.20000004768 2.90000009537
3.29999995232 2.90000009537
3.40000009537 2.90000009537
3.5 2.90000009537
3.60000014305 2.90000009537
3.70000004768 2.90000009537
3.79999995232 2.90000009537
3.90000009537 2.90000009537
0.0 3.0
0.10000000149 3.0
0.20000000298 3.0
0.300000011921 3.0
0.40000000596 3.0
0.5 3.0
0.600000023842 3.0
0.699999988079 3.0
0.800000011921 3.0
0.900000035763 3.0
1.0 3.0
1.10000002384 3.0
1.20000004768 3.0
1.30000007153 3.0
1.39999997616 3.0
1.5 3.0
1.60000002384 3.0
1.70000004768 3.0
1.80000007153 3.0
1.89999997616 3.0
2.0 3.0
2.10000014305 3.0
2.20000004768 3.0
2.29999995232 3.0
2.40000009537 3.0
2.5 3.0
2.60000014305 3.0
2.70000004768 3.0
2.79999995232 3.0
2.90000009537 3.0
3.0 3.0
3.10000014305 3.0
3.20000004768 3.0
3.29999995232 3.0
3.40000009537 3.0
3.5 3.0
3.60000014305 3.0
3.70000004768 3.0
3.79999995232 3.0
3.90000009537 3.0
0.0 3.10000014305
0.10000000149 3.10000014305
0.20000000298 3.10000014305
0.300000011921 3.10000014305
0.40000000596 3.10000014305
0.5 3.10000014305
0.600000023842 3.10000014305
0.699999988079 3.10000014305
0.800000011921 3.10000014305
0.900000035763 3.10000014305
1.0 3.10000014305
1.10000002384 3.10000014305
1.20000004768 3.10000014305
1.30000007153 3.10000014305
1.39999997616 3.10000014305
1.5 3.10000014305
1.60000002384 3.10000014305
1.70000004768 3.10000014305
1.80000007153 3.10000014305
1.89999997616 3.10000014305
2.0 3.10000014305
2.10000014305 3.10000014305
2.20000004768 3.10000014305
2.29999995232 3.10000014305
2.40000009537 3.10000014305
2.5 3.10000014305
2.60000014305 3.10000014305
2.70000004768 3.10000014305
2.79999995232 3.10000014305
2.90000009537 3.10000014305
3.0 3.10000014305
3.10000014305 3.10000014305
3.20000004768 3.10000014305
3.29999995232 3.10000014305
3.40000009537 3.10000014305
3.5 3.10000014305
3.60000014305 3.10000014305
3.70000004768 3.10000014305
3.79999995232 3.10000014305
3.90000009537 3.10000014305
0.0 3.20000004768
0.10000000149 3.20000004768
0.20000000298 3.20000004768
0.300000011921 3.20000004768
0.40000000596 3.20000004768
0.5 3.20000004768
0.600000023842 3.20000004768
0.699999988079 3.20000004768
0.800000011921 3.20000004768
0.900000035763 3.20000004768
1.0 3.20000004768
1.10000002384 3.20000004768
1.20000004768 3.20000004768
1.30000007153 3.20000004768
1.39999997616 3.20000004768
1.5 3.20000004768
1.60000002384 3.20000004768
1.70000004768 3.20000004768
1.80000007153 3.20000004768
1.89999997616 3.20000004768
2.0 3.20000004768
2.10000014305 3.20000004768
2.20000004768 3.20000004768
2.29999995232 3.20000004768
2.40000009537 3.20000004768
2.5 3.20000004768
2.60000014305 3.20000004768
2.70000004768 3.20000004768
2.79999995232 3.20000004768
2.90000009537 3.20000004768
3.0 3.20000004768
3.10000014305 3.20000004768
3.20000004768 3.20000004768
3.29999995232 3.20000004768
3.40000009537 3.20000004768
3.5 3.20000004768
3.60000014305 3.20000004768
3.70000004768 3.20000004768
3.79999995232 3.20000004768
3.90000009537 3.20000004768
0.0 3.29999995232
0.10000000149 3.29999995232
0.20000000298 3.29999995232
0.300000011921 3.29999995232
0.40000000596 3.29999995232
0.5 3.29999995232
0.600000023842 3.29999995232
0.699999988079 3.29999995232
0.800000011921 3.29999995232
0.900000035763 3.29999995232
1.0 3.29999995232
1.10000002384 3.29999995232
1.20000004768 3.29999995232
1.30000007153 3.29999995232
1.39999997616 3.29999995232
1.5 3.29999995232
1.60000002384 3.29999995232
1.70000004768 3.29999995232
1.80000007153 3.29999995232
1.89999997616 3.29999995232
2.0 3.29999995232
2.10000014305 3.29999995232
2.20000004768 3.29999995232
2.29999995232 3.29999995232
2.40000009537 3.29999995232
2.5 3.29999995232
2.60000014305 3.29999995232
2.70000004768 3.29999995232
2.79999995232 3.29999995232
2.90000009537 3.29999995232
3.0 3.29999995232
3.10000014305 3.29999995232
3.20000004768 3.29999995232
3.29999995232 3.29999995232
3.40000009537 3.29999995232
3.5 3.29999995232
3.60000014305 3.29999995232
3.70000004768 3.29999995232
3.79999995232 3.29999995232
3.90000009537 3.29999995232
0.0 3.40000009537
0.10000000149 3.40000009537
0.20000000298 3.40000009537
0.300000011921 3.40000009537
0.40000000596 3.40000009537
0.5 3.40000009537
0.600000023842 3.40000009537
0.699999988079 3.40000009537
0.800000011921 3.40000009537
0.900000035763 3.40000009537
1.0 3.40000009537
1.10000002384 3.40000009537
1.20000004768 3.40000009537
1.30000007153 3.40000009537
1.39999997616 3.40000009537
1.5 3.40000009537
1.60000002384 3.40000009537
1.70000004768 3.40000009537
1.80000007153 3.40000009537
1.89999997616 3.40000009537
2.0 3.40000009537
2.10000014305 3.40000009537
2.20000004768 3.40000009537
2.29999995232 3.40000009537
2.40000009537 3.40000009537
2.5 3.40000009537
2.60000014305 3.40000009537
2.70000004768 3.40000009537
2.79999995232 3.40000009537
2.90000009537 3.40000009537
3.0 3.40000009537
3.10000014305 3.40000009537
3.20000004768 3.40000009537
3.29999995232 3.40000009537
3.40000009537 3.40000009537
3.5 3.40000009537
3.60000014305 3.40000009537
3.70000004768 3.40000009537
3.79999995232 3.40000009537
3.90000009537 3.40000009537
0.0 3.5
0.10000000149 3.5
0.20000000298 3.5
0.300000011921 3.5
0.40000000596 3.5
0.5 3.5
0.600000023842 3.5
0.699999988079 3.5
0.800000011921 3.5
0.900000035763 3.5
1.0 3.5
1.10000002384 3.5
1.20000004768 3.5
1.30000007153 3.5
1.39999997616 3.5
1.5 3.5
1.60000002384 3.5
1.70000004768 3.5
1.80000007153 3.5
1.89999997616 3.5
2.0 3.5
2.10000014305 3.5
2.20000004768 3.5
2.29999995232 3.5
2.40000009537 3.5
2.5 3.5
2.60000014305 3.5
2.70000004768 3.5
2.79999995232 3.5
2.90000009537 3.5
3.0 3.5
3.10000014305 3.5
3.20000004768 3.5
3.29999995232 3.5
3.40000009537 3.5
3.5 3.5
3.60000014305 3.5
3.70000004768 3.5
3.79999995232 3.5
3.90000009537 3.5
0.0 3.60000014305
0.10000000149 3.60000014305
0.20000000298 3.60000014305
0.300000011921 3.60000014305
0.40000000596 3.60000014305
0.5 3.60000014305
0.600000023842 3.60000014305
0.699999988079 3.60000014305
0.800000011921 3.60000014305
0.900000035763 3.60000014305
1.0 3.60000014305
1.10000002384 3.60000014305
1.20000004768 3.60000014305
1.30000007153 3.60000014305
1.39999997616 3.60000014305
1.5 3.60000014305
1.60000002384 3.60000014305
1.70000004768 3.60000014305
1.80000007153 3.60000014305
1.89999997616 3.60000014305
2.0 3.60000014305
2.10000014305 3.60000014305
2.20000004768 3.60000014305
2.29999995232 3.60000014305
2.40000009537 3.60000014305
2.5 3.60000014305
2.60000014305 3.60000014305
2.70000004768 3.60000014305
2.79999995232 3.60000014305
2.90000009537 3.60000014305
3.0 3.60000014305
3.10000014305 3.60000014305
3.20000004768 3.60000014305
3.29999995232 3.60000014305
3.40000009537 3.60000014305
3.5 3.60000014305
3.60000014305 3.60000014305
3.70000004768 3.60000014305
3.79999995232 3.60000014305
3.90000009537 3.60000014305
0.0 3.70000004768
0.10000000149 3.70000004768
0.20000000298 3.70000004768
0.300000011921 3.70000004768
0.40000000596 3.70000004768
0.5 3.70000004768
0.600000023842 3.70000004768
0.699999988079 3.70000004768
0.800000011921 3.70000004768
0.900000035763 3.70000004768
1.0 3.70000004768
1.10000002384 3.70000004768
1.20000004768 3.70000004768
1.30000007153 3.70000004768
1.39999997616 3.70000004768
1.5 3.70000004768
1.60000002384 3.70000004768
1.70000004768 3.70000004768
1.80000007153 3.70000004768
1.89999997616 3.70000004768
2.0 3.70000004768
2.10000014305 3.70000004768
2.20000004768 3.70000004768
2.29999995232 3.70000004768
2.40000009537 3.70000004768
2.5 3.70000004768
2.60000014305 3.70000004768
2.70000004768 3.70000004768
2.79999995232 3.70000004768
2.90000009537 3.70000004768
3.0 3.70000004768
3.10000014305 3.70000004768
3.20000004768 3.70000004768
3.29999995232 3.70000004768
3.40000009537 3.70000004768
3.5 3.70000004768
3.60000014305 3.70000004768
3.70000004768 3.70000004768
3.79999995232 3.70000004768
3.90000009537 3.70000004768
0.0 3.79999995232
0.10000000149 3.79999995232
0.20000000298 3.79999995232
0.300000011921 3.79999995232
0.40000000596 3.79999995232
0.5 3.79999995232
0.600000023842 3.79999995232
0.699999988079 3.79999995232
0.800000011921 3.79999995232
0.900000035763 3.79999995232
1.0 3.79999995232
1.10000002384 3.79999995232
1.20000004768 3.79999995232
1.30000007153 3.79999995232
1.39999997616 3.79999995232
1.5 3.79999995232
1.60000002384 3.79999995232
1.70000004768 3.79999995232
1.80000007153 3.79999995232
1.89999997616 3.79999995232
2.0 3.79999995232
2.10000014305 3.79999995232
2.20000004768 3.79999995232
2.29999995232 3.79999995232
2.40000009537 3.79999995232
2.5 3.79999995232
2.60000014305 3.79999995232
2.70000004768 3.79999995232
2.79999995232 3.79999995232
2.90000009537 3.79999995232
3.0 3.79999995232
3.10000014305 3.79999995232
3.20000004768 3.79999995232
3.29999995232 3.79999995232
3.40000009537 3.79999995232
3.5 3.79999995232
3.60000014305 3.79999995232
3.70000004768 3.79999995232
3.79999995232 3.79999995232
3.90000009537 3.79999995232
0.0 3.90000009537
0.10000000149 3.90000009537
0.20000000298 3.90000009537
0.300000011921 3.90000009537
0.40000000596 3.90000009537
0.5 3.90000009537
0.600000023842 3.90000009537
0.699999988079 3.90000009537
0.800000011921 3.90000009537
0.900000035763 3.90000009537
1.0 3.90000009537
1.10000002384 3.90000009537
1.20000004768 3.90000009537
1.30000007153 3.90000009537
1.39999997616 3.90000009537
1.5 3.90000009537
1.60000002384 3.90000009537
1.70000004768 3.90000009537
1.80000007153 3.90000009537
1.89999997616 3.90000009537
2.0 3.90000009537
2.10000014305 3.90000009537
2.20000004768 3.90000009537
2.29999995232 3.90000009537
2.40000009537 3.90000009537
2.5 3.90000009537
2.60000014305 3.90000009537
2.70000004768 3.90000009537
2.79999995232 3.90000009537
2.90000009537 3.90000009537
3.0 3.90000009537
3.10000014305 3.90000009537
3.20000004768 3.90000009537
3.29999995232 3.90000009537
3.40000009537 3.90000009537
3.5 3.90000009537
3.60000014305 3.90000009537
3.70000004768 3.90000009537
3.79999995232 3.90000009537
3.90000009537 3.90000009537
